108959
59089
83685
82705
82081
83338
83706
81689
83881
82735
84954
82846
86016
82054
86851
82449
111903
80142
57972
84201
83484
84467
83236
82220
82566
83308
82629
83388
83201
83171
84388
84103
90589
94664
119093
61008
92270
96608
92018
93417
90756
92587
91897
92926
91221
92504
92250
93019
88810
90366
122214
85847
52206
95363
91650
92129
89840
93757
89074
90093
72711
84379
71598
79984
81570
82249
87119
81387
123080
57175
87099
84295
84860
85081
84474
86436
84386
86420
84455
87942
86057
83540
87639
72303
128903
79753
57710
85014
86989
85481
86130
85669
86769
71527
72925
70283
91395
90217
93054
88463
94853
89657
126803
55174
96015
92093
94463
92000
92404
91203
91874
91754
83838
85488
85439
84157
84934
76500
122706
81525
58854
89176
91397
88077
90374
86159
89882
85790
81666
84663
83263
82681
82727
84176
85483
82366
118375
57322
88013
87275
86283
85618
86580
85195
81909
86905
83282
85309
81971
86482
84496
84902
121092
81855
58202
90214
85971
86000
85425
85725
80245
83076
81947
83213
80951
85180
82025
85151
82688
85980
116549
62673
83055
85458
82667
83720
84862
84874
85496
83439
84077
84184
85229
84725
85224
86602
120738
85531
59518
90059
85849
89609
84907
81333
83876
79752
81409
81128
81765
80709
81476
81144
82527
82385
116882
61483
84324
85549
83612
81048
85266
79445
84230
80012
84552
78917
82497
79524
81807
81237
116537
80125
60290
83706
81840
81662
81759
79910
81193
80389
82612
79265
82762
80275
83732
79964
83793
79942
113248
59453
61448
84282
83730
82560
82247
83745
83283
82346
82729
82780
83830
83386
84522
83659
116805
81815
