83398
39595
60496
56363
55751
54934
53387
51139
51854
52722
51891
52644
50932
52404
52051
51954
89509
44743
38881
59630
58977
57865
55290
51916
53077
52196
52540
52964
51904
52239
52096
52378
56739
50537
81621
37010
62703
60656
57531
53079
55014
53874
54803
54419
53998
52163
52647
51596
51450
53242
91528
46085
36870
63621
59324
53955
56438
54494
56031
54702
54314
53232
48962
47372
49728
51622
60174
48324
92721
36525
59677
54230
55843
54571
55327
54465
53763
51788
52590
50329
51349
52562
54729
51890
97099
46161
37606
56135
58485
56978
56614
56684
53957
53016
52811
51942
53398
54852
54639
53382
55047
52941
88789
34014
63786
61731
60854
61300
57060
56016
54539
54071
50850
51034
52397
51040
51304
51537
91795
46776
36130
62667
61523
61574
55941
54596
53440
53226
51459
51067
52035
50550
51241
50641
55057
49020
88963
36688
66846
64095
57485
55535
53233
53261
50054
50012
51254
50397
50554
51086
52143
50134
92945
46062
38225
69285
59075
55388
53546
52452
47499
48734
50562
49741
50230
49689
51784
49584
53465
49567
86035
40121
60290
54730
53267
51547
51527
52283
52304
51690
50777
51697
51214
50299
52011
51464
88200
47088
40800
59256
56148
53240
51835
52262
51642
51598
50965
51486
50556
50103
51126
51169
51528
51778
86789
40748
58296
55355
54137
55079
52739
52454
51322
52360
51283
50352
51205
51639
51453
52393
85883
50208
39988
62331
57258
54981
53824
52300
51664
52385
50906
50281
50327
51299
50094
52013
50544
51489
83309
40044
43152
59097
57409
54417
54199
53553
52710
51453
52252
52123
52399
53409
51918
53074
85018
49959
