114037
58098
86945
80466
84352
82357
82930
80389
82563
82343
83171
82923
82515
82580
83178
82868
116014
78930
61557
82614
86762
83342
86763
80035
85078
81834
84695
82874
83085
83120
83395
83739
95970
96157
124553
56143
98360
98328
98386
94453
98143
96794
99836
96977
99308
96106
101173
76866
86946
90573
122089
85117
56350
94452
91863
89106
90452
91264
90621
90974
90590
79628
75893
77322
80511
86265
86765
83599
123164
59432
85431
83722
84747
85080
84943
85728
84072
84537
84179
84188
82753
84632
85617
84541
126878
84288
57438
87564
85528
89126
84971
88246
84327
86103
84738
85312
96837
97420
99118
94806
97962
97028
131557
55560
100276
101924
99837
102308
98610
101904
98222
101430
85624
83558
86406
83511
85350
85618
122092
81200
57494
88686
88825
88543
86847
86927
86411
87856
84512
82029
86734
80293
85440
81964
86743
79911
119482
57056
88225
87442
85850
85121
85147
84166
81137
82576
83192
81262
83670
82989
86053
81284
124636
80257
62058
86974
87418
84412
85965
84180
79806
81331
81300
80629
80924
81874
82428
80358
84563
82179
118850
60385
87083
83245
87162
82012
83622
87459
84136
84356
83054
84646
84433
82993
84707
85982
119934
83345
60190
86886
87780
85873
81586
85097
81586
84117
79998
85131
80667
82133
80544
82875
81242
82120
116851
60532
83632
83750
81827
82015
82380
81302
80646
84034
81338
83067
80622
85346
80641
86061
115724
83636
58962
86580
81616
81161
81653
78998
79933
80491
80375
78777
79998
81114
80777
82248
80130
83880
111343
64102
64566
84234
87159
81463
84861
83234
84028
81641
83444
83474
84237
84230
83943
84532
115255
83056
