111139
58617
84593
82065
82751
84112
83154
82744
82223
85386
82233
86464
81516
86392
82215
85506
116059
78334
59059
82705
83701
84267
83614
81354
82548
82999
82998
84010
83244
84048
83863
86282
99669
95287
128250
55537
101010
97703
99451
94430
97108
96988
97187
97211
97174
97209
81257
78009
87236
82725
123056
84226
58307
93667
94620
88476
93452
89809
92984
89794
85553
72195
78092
74936
81086
83082
86836
81036
123241
57936
86959
83803
85855
85026
87173
85463
87406
83883
88076
83953
82280
86515
84753
83937
126431
81993
57950
85364
86665
86844
85923
86552
85121
85247
85305
85299
93401
97282
95287
95695
94718
97573
128135
56922
97156
99268
97176
98363
96535
97212
95864
96854
84036
84507
85090
83440
84394
86321
122297
83389
56656
92049
87757
92111
86257
89902
85808
88253
82378
82439
83865
81466
83381
83179
85634
81481
118940
58539
87657
89012
85784
87446
84925
88042
85437
82018
86464
81276
84755
83020
85254
82952
121791
80935
58727
88989
86403
85571
85207
85157
82217
81257
84073
79954
84579
80808
86240
79645
86845
81354
119660
59941
84994
83226
83591
82662
84279
85389
84815
83637
84315
85020
85869
83430
87164
84979
123991
82572
63524
85383
89500
85063
80900
83737
81685
80354
80946
81769
81291
80585
81485
81589
82160
82428
118197
60353
86034
83567
81282
86545
81370
84193
80092
84845
80818
81962
80654
81938
81624
82649
116767
81326
59567
85114
81201
82590
81214
80895
80118
83333
80436
82251
79455
83995
79477
83455
79321
83395
110947
60347
61285
85103
85211
82544
84277
84411
84388
82560
83344
85035
84117
86324
83726
87780
115314
86308
