109734
58335
87930
81032
85349
81897
85126
80856
83560
80996
82870
82401
81674
81976
84265
82254
112919
78408
59531
84055
84242
84124
85731
82037
85821
82326
86290
82187
85555
82374
86213
82883
90962
89840
118798
56834
92092
93134
92385
91175
91284
91057
91788
91075
91773
90984
94616
78514
88550
92636
121118
86804
47728
95209
91794
90656
90425
90938
84015
76725
73321
75470
73956
75952
82337
85568
87161
85065
122640
60858
86807
88574
84479
87722
84619
86672
84073
83502
72616
72098
70181
69719
72446
68464
127979
80378
50381
86516
76787
73893
72426
78317
69147
79444
70046
80323
89089
87866
89563
87548
90994
87463
122427
55989
91653
90149
90416
90172
88998
89352
89372
91085
86608
84824
88574
71332
84678
68804
124510
81349
50958
88708
88727
87267
87004
87904
75142
72520
83814
83932
84889
82624
85552
83596
88738
82277
122252
56162
90868
85816
87496
84065
87136
85252
83501
85369
84542
83957
83668
77556
74440
72076
122184
81364
58541
88866
88718
85646
90298
85824
81276
86168
82519
83720
82075
83929
83429
83228
84602
83896
117938
57575
86450
85708
86074
85782
85693
88466
86493
88274
84775
89290
75565
81838
70342
79891
122219
83897
54837
90303
89552
89414
83414
83528
83625
82814
82624
84881
83865
84429
82953
85759
84501
86373
119281
59638
87085
89449
83240
82245
83258
80758
81443
81690
82251
81015
82231
83491
74425
69021
121309
80498
57536
89398
85780
80873
84845
79127
82350
79478
81890
79359
80357
80025
81096
80293
82031
80342
113507
59424
62872
84086
85782
82211
84792
83239
86647
81255
85364
81713
84737
81763
84413
82814
116452
79926
