108536
58652
84404
81901
81940
82588
82440
81100
82180
81942
82028
82613
81694
83526
82923
85151
115097
78241
62460
83004
86513
82750
85398
81163
83470
82697
83369
83080
83036
83020
84137
83915
92159
90314
120067
57302
94495
93312
94919
90032
94468
90578
94290
90861
93123
90530
92990
85588
88559
81455
122107
85272
49846
94118
91581
89774
90816
90304
91703
79892
79090
75335
84668
74511
81436
85910
86312
83779
123087
57632
87081
85707
85428
85926
85122
86320
84513
85037
85165
85784
83986
86422
77291
77758
126899
83583
54684
88155
85703
87634
85411
78137
71665
72661
71391
72187
89783
89973
91033
89727
91574
90978
124210
58260
93539
95919
91900
96240
91128
94760
91116
93545
84954
84718
86051
84935
74670
71609
123375
81243
57401
88386
88302
88650
87135
88144
87319
89005
86551
83134
87094
81659
85194
82517
87362
81761
119114
57146
88533
87585
86442
85560
85456
85218
82685
83395
84634
82588
85338
83281
87929
82638
124483
80053
60636
88410
87731
84671
85772
85122
80111
81791
81505
81124
81519
81836
83582
81027
84797
82500
120181
59989
88197
83404
87587
82900
83499
86655
84528
84385
83402
84863
84887
84303
84943
85614
120987
82785
60815
86237
87953
86030
80890
85557
80684
84273
79625
84349
80104
82295
80026
82064
80972
82111
115892
60048
83610
83768
81796
82341
81797
82005
80830
83484
80780
83682
80681
84809
80460
85627
115870
82920
59683
85793
80852
81047
81095
79289
79717
80045
80656
79604
79890
81260
80060
82367
80050
84204
110781
64995
65185
82704
85755
80304
83328
81469
82556
81234
81901
81879
82717
82531
82446
82953
112915
81486
