111350
59005
85657
82083
84268
83096
85375
81479
86068
82320
86106
82394
85009
82042
84675
83124
113889
78954
59497
83599
83495
85181
83380
81880
83147
82937
84077
83775
84919
82765
86987
83264
92300
96340
121650
58283
94652
97068
95377
94185
94524
95134
95268
95733
94488
94693
94925
80799
88014
86043
122116
87024
49174
96711
91242
92283
90013
92396
90506
81574
74665
75849
75127
75976
81821
83208
87725
81863
123135
59057
87352
87070
85494
88365
85582
89239
84011
88456
84590
87486
84587
84952
76741
69822
127576
80512
57728
85607
87319
86028
86574
86817
75187
71827
73471
74526
93546
90169
94974
88825
94995
89937
126333
55628
95308
93559
93742
93918
93055
92486
92430
92096
83583
84651
86748
81649
79580
73599
125925
81144
60182
88328
91479
88295
89032
86496
87926
87072
82152
83857
83477
82331
82789
83820
86060
81706
119802
57024
90334
87371
88372
84688
88890
84177
81675
85054
83251
83168
82737
83945
84466
83780
121883
81749
58516
89606
86734
86034
86137
85622
79598
85284
81123
84542
80455
85354
81478
82953
82496
83392
117101
60446
84532
84026
84013
83636
84705
85351
85221
84883
84276
86453
84936
86732
84500
89099
120233
86292
59188
88971
85923
87303
82358
82155
82624
80772
81303
81612
81958
81060
81212
82717
82154
84717
116680
64240
84139
88532
85571
81144
85012
79532
82721
80959
81737
80460
81528
81155
81986
82239
116963
80863
60374
85750
84108
81705
84575
79297
83600
79894
84194
79034
82530
79854
82326
80017
80932
81416
111671
60153
61890
84836
84398
82596
84017
84135
84764
82575
85687
83202
86760
83036
87053
83699
118359
81546
