111661
58366
86454
85296
83983
85034
84176
83632
84131
83829
85503
84151
86145
84228
89228
83503
115238
81014
57923
87083
82919
85072
83417
83278
82932
83657
83187
83589
82947
74871
76661
72860
90032
90064
117168
61827
90242
95085
89756
93017
88604
92036
88914
90642
88420
89397
89813
91087
88840
91129
122525
84759
49661
93218
91217
91310
90409
92196
78185
86056
73235
86397
73822
85307
84303
83037
87956
83001
123206
57243
88759
86126
86560
86312
85986
85712
85135
86615
73920
74793
83871
69634
83917
68527
130283
80001
53528
83218
76053
72533
72570
71228
71483
70726
72176
70410
89422
87704
90694
87807
93347
87440
125645
56086
95545
89586
93296
88739
91052
88281
90419
89049
84535
86113
85460
72597
74965
72270
124073
82434
58728
88348
89983
87955
89924
86766
86960
72535
81545
85655
83247
84384
83531
84376
86566
83313
119708
56966
87584
87191
85490
85344
86081
85318
83712
87518
84266
87890
83861
87919
84890
86861
121432
83012
57377
88617
86193
86467
85555
86570
84299
84937
85337
85659
84763
86759
85434
87114
85882
88930
118649
61216
87611
90948
85959
89145
86613
86365
87385
85827
75927
71998
73174
70636
72978
70215
122928
84431
49864
91488
89198
92043
87068
82276
86766
81870
84707
82571
84359
82543
83215
83010
85677
76904
120376
56605
87691
86510
84026
83936
86335
83220
86233
71153
81012
68422
80526
67378
79751
66969
124766
80395
56245
87129
83457
84039
83331
82481
82734
82817
84052
81712
83776
82055
85550
81367
88227
81330
121447
56973
60668
86744
85003
84451
83529
84992
84218
84173
84149
78479
70613
72581
70011
72243
122184
81313
