93654
53588
75068
73678
72610
72666
72344
72547
69000
72691
71756
73667
70890
73361
72644
74273
106708
69314
54015
75999
75494
74425
75279
74000
71083
73288
74639
73786
73640
73241
74174
74794
78907
72315
105945
52950
78884
75564
77586
74474
71944
73764
74407
74446
74643
72330
74723
73832
77211
78275
109908
74319
52493
82108
82234
78761
76931
78064
80266
77378
79293
75404
78691
77002
70499
72450
73198
72865
112514
51167
77246
76229
71125
73720
74338
73783
74017
72224
76082
72443
70632
74998
72073
74748
115938
69789
51485
77258
71049
74765
74553
74642
72823
72241
72744
72956
70920
73798
72490
74362
73792
73914
104747
52882
70602
77215
74862
75103
73195
72544
72910
73693
89174
88782
88494
87560
87706
87864
122836
86156
44128
93338
91069
92745
88881
89196
88536
90213
69893
69977
71208
57449
57643
56767
59823
56719
143503
48475
77861
61622
61974
60938
61554
63830
62562
57507
64365
57032
62068
56363
61018
58402
146615
68441
44458
61982
62242
59350
60956
59827
73490
73884
74703
72980
73214
71794
74512
71101
72287
70142
111528
50156
77882
73271
75832
73951
72980
75289
73745
74211
73287
73181
73235
73146
71502
73310
114453
70781
52651
75924
79764
76153
76109
79743
77370
77476
75524
77184
76064
76667
72731
75931
75313
76191
113949
48188
82698
81615
73097
76327
72960
74953
71133
73969
71531
73552
69171
72244
72103
73719
110990
69911
50844
80045
74073
74920
72576
72662
70717
72914
71073
73755
67704
72927
69973
72675
71105
71787
106436
52261
56556
76194
75453
72997
72369
72506
73093
72449
68399
72225
71803
72966
71933
73161
107857
71450
