107698
58625
80314
79130
78263
78791
78955
78093
76929
78971
78386
79780
78273
80717
78161
82662
110431
76168
60337
81423
82048
80714
81373
79829
79178
79787
81030
80082
80582
80499
80794
82649
82504
81025
114606
58107
86319
84228
87439
82416
84144
81950
84812
82168
82809
82294
82872
82777
88972
90611
123511
87058
56625
92895
92340
90279
90280
89847
92575
88909
92188
88397
91933
88941
76703
79847
84049
79966
126477
57613
83261
82916
80554
82070
81844
81051
82266
81568
83291
81332
80162
84580
80651
84465
126899
79218
56838
82951
79369
81994
81211
81688
80318
81069
80330
80842
81978
82856
82593
83238
81734
84303
114542
61267
81597
87189
83270
85428
81623
83988
81677
83377
91181
89566
90743
89424
89197
90222
123965
88356
54741
95171
93981
93951
90775
94827
90035
94338
81545
79475
82609
80563
80359
80959
83269
74752
131192
56663
87719
85072
84468
84832
71194
69989
69999
71623
76485
69837
76988
69056
78251
68777
139481
80600
58345
86614
86149
83087
72364
70149
84630
83924
84969
83265
84429
82507
85804
83199
88591
82144
125110
58263
87811
83587
85467
82886
83781
84159
83497
83369
82388
83362
83748
83349
83737
83240
124633
81698
60957
85152
87997
83985
80025
83686
79532
81792
78052
80047
79761
80420
78836
79761
79291
80559
119065
57941
82771
81865
81580
83145
80133
83572
78692
83478
79074
82799
78228
81202
78990
81562
119368
78893
57614
83302
80626
78333
78466
78150
76511
78925
77568
78990
75765
79503
76434
80288
76121
80802
111905
59780
60262
77119
77324
76587
75950
76521
76848
76676
75452
76187
76414
77853
76092
79746
113336
78643
