112812
60792
84800
79833
82609
79685
82622
79954
79367
79829
80822
79524
80754
79889
81154
81360
115043
82006
63106
83389
85108
83429
87073
82433
85030
81367
85462
81199
84063
81291
83515
83470
86475
87262
116548
60118
86242
87771
87917
86658
86591
86581
88300
86256
89136
85316
89692
85547
91250
95652
123032
91428
58576
95654
93917
93821
91648
93473
92095
92556
92272
92279
93046
93068
80120
84346
82199
85723
127596
62238
84794
86953
81723
85174
83256
83699
82477
82831
83660
84075
83336
83903
83563
83764
128848
82380
59574
87224
82001
87026
82530
85715
82322
84843
82552
84611
83612
83899
83669
83044
83591
83320
117516
60302
84271
86432
85096
86244
84031
86420
84074
88415
95206
92186
94860
91151
91991
91463
126968
90600
58153
93779
94574
92821
93051
92492
93067
93626
83928
83185
85438
82752
85579
82524
87307
82933
132187
58073
88251
84327
85688
84021
85278
84608
83516
85288
84054
83947
83568
83719
85392
84705
133985
82226
62543
85072
89113
84453
88791
85212
84891
87236
85452
85879
83859
85103
85080
85288
83788
85244
122456
59315
89293
86751
89252
86996
84241
88811
83965
87772
82783
86831
84368
86202
83918
85400
122666
84505
59445
87040
86766
87600
86585
88152
86145
87910
84440
88315
85143
89401
83770
88366
84455
87769
121210
60178
88395
88818
82980
82875
82821
82020
81313
82083
82612
83049
81183
83964
82385
85480
119305
84789
59933
89436
84394
80580
82197
79281
79228
79834
80517
79702
78887
79364
79690
80162
80256
81419
113316
64223
65171
83242
86308
81240
84239
80459
84515
80549
81266
80037
81358
80933
81554
81497
115168
79917
