120284
60404
87402
82981
84435
81752
84333
82085
81208
82018
82636
82485
82927
82023
83106
82998
118229
81095
62220
86078
86230
85156
87778
84296
85855
82848
87044
82909
85744
82728
84902
84319
83412
86093
116708
59923
86123
88676
87284
86472
84575
86189
88056
85838
88721
85438
89035
85731
90639
95766
126141
92231
57892
96799
94647
94665
91174
93878
93115
93703
92837
92754
92830
93053
79128
84690
84462
85986
128666
62041
84982
87650
82137
85799
83765
84945
83582
84522
83771
84480
84045
84625
84535
84888
131462
83279
59323
87814
82706
88031
84344
87962
83333
86816
83217
86097
84433
84223
85658
84496
85456
84707
119737
59353
84447
87360
87461
87165
85901
87828
85525
89131
101217
97743
101286
97114
98952
97755
134643
96038
47410
101499
101877
99856
100309
99428
99194
98809
82349
82472
84262
82724
83925
70313
76607
66851
140056
55791
90034
85916
76152
69291
70321
69458
66073
69763
68636
69350
66969
70007
68747
70352
144843
82275
60629
86352
78556
70384
78136
69593
83741
86391
83729
84746
82626
84131
84072
84443
84882
84253
122904
59011
88352
86198
87447
85379
84993
89650
85075
89122
83863
88278
85037
87374
84007
86084
125277
84478
59231
88109
87091
87306
84171
85502
84086
86019
82599
86310
83442
87795
82261
87400
83042
86970
121382
61877
85112
86549
85366
84914
85079
83815
83520
84081
84529
85107
82359
85543
84359
87502
122203
86973
59861
91305
87106
82105
84897
81544
82100
81501
82274
81498
80091
81141
81644
81521
81606
82696
117627
62287
64393
85283
87730
84198
86710
83581
87265
83372
84162
82541
85164
83252
84454
84997
122260
82332
