78379
36593
58797
55482
52295
51038
50219
48744
46573
48093
47574
47586
43937
48267
45758
45340
89262
34547
34904
56616
54136
49338
49097
45131
44565
43254
45955
42168
46047
44861
46623
46383
57132
41978
76527
34537
56106
55208
54101
50147
48070
48604
49628
48325
45669
43363
45796
41468
42171
44237
90096
37490
35220
59957
56357
49135
48920
45104
50749
43931
46670
45104
46400
44402
46800
47203
57216
42175
92001
33730
58075
54465
48939
47947
48442
46675
48788
45337
48711
43031
42902
45194
47693
42671
100627
39920
33856
53230
46582
49494
48685
47596
45467
47242
43545
45483
48308
47777
49442
46759
54941
44331
82895
34379
51508
54515
55550
53838
51986
52098
49784
45502
45898
41929
46568
40708
48040
42467
91875
40018
33595
57648
58378
56504
49408
53855
45155
45448
47837
46525
48784
42048
44610
41465
49830
38965
109899
33284
58045
51345
52517
52185
46049
47313
45669
42657
47258
41931
44418
42072
45688
41693
112080
40017
33413
54511
55202
51846
46389
44190
48600
48727
48228
46552
47310
45893
48069
45438
50905
44594
89154
33351
65341
61105
52755
50010
47517
47152
46693
46637
46334
46562
47433
46735
47605
46287
91644
40868
35445
67039
54083
50983
47139
47452
46769
46571
45826
46564
46505
46617
46523
45887
47574
45147
85966
36244
55673
52787
52846
52321
49871
49495
47418
49601
48307
47774
46250
46475
46799
47955
87622
43136
35870
58830
58909
54876
52505
50148
48985
48960
48345
48042
46301
47397
47072
47440
47286
47460
87924
34231
42132
57230
54151
50972
49883
49251
50222
42958
45830
43572
45443
48317
45813
49283
89904
40627
