114868
63515
83495
87313
81803
87178
82483
86016
79095
84537
81879
83781
81771
82736
82913
83616
115984
81253
60051
86862
83840
86927
85541
86698
81479
87349
84912
88354
83992
88325
83667
87622
84808
84912
116885
58890
87315
88189
87864
86764
83819
86307
86817
86754
86068
87025
86111
88435
94954
93048
131122
89264
59211
95731
96878
93602
90982
93838
94275
93993
93467
93043
93623
91122
81734
81721
87974
82383
130734
58227
89484
84660
85354
84114
88271
83607
86496
83507
85123
84197
83060
84678
84620
84825
130986
81163
59590
85484
82718
84587
86927
84634
86996
83678
87417
83638
83888
87477
84519
86706
85467
85930
119982
58879
83981
88087
87789
87028
86497
86392
86822
86446
103002
105886
103579
105990
101541
106274
137426
103541
45319
108261
105395
105250
104181
105096
103252
104593
81302
82350
82623
82755
67123
67095
68153
70450
143314
59424
87356
80354
69394
76303
67411
74409
66728
67392
68740
68168
68039
67701
69860
68149
148651
82488
58746
71163
70645
72585
69960
76970
89242
84865
87609
83801
85259
83692
84974
84340
84162
83867
123113
59823
87399
86376
85945
86627
87775
86710
88817
85418
88294
85262
90296
85396
87089
86053
127790
84131
59764
88742
88049
87124
84425
85435
84394
84292
83601
84069
85800
84335
84760
83672
87563
84038
127160
59503
89802
85407
84243
86602
85019
85012
82911
84980
84107
84530
81950
84162
84886
85259
124512
83043
62808
87941
83749
87305
81868
85500
79812
84547
80996
82724
79240
81589
81472
82350
81479
82812
117677
59621
61685
85325
83809
85549
82816
86485
82649
86799
80040
86127
81714
85150
82430
85419
120883
82598
