114858
61899
83772
85239
81742
85484
83098
86461
79298
85835
81907
85297
81217
84423
81873
83759
116545
80558
59239
86203
84368
85576
84883
84819
81408
85578
84729
87113
84218
88109
83991
88794
87086
83654
118464
58177
88419
87741
87840
86416
84042
86031
87043
86347
86207
86021
86196
86904
93051
95208
130614
89133
59676
96014
98394
92955
92369
93201
95860
83366
78025
76808
77463
75888
81154
83160
87552
82424
129791
57917
89254
86327
85401
84659
88647
84342
87652
84236
86946
83790
81963
84516
85124
84342
131274
80702
58199
85715
81765
84617
85449
84662
84862
83890
85705
84089
83866
88393
84902
88303
84884
86838
118218
58586
84616
88107
87998
87374
86477
87499
85996
85992
101045
102327
101949
102341
100443
104199
135447
102459
45570
106798
103568
104752
101388
103585
101877
103330
81556
82377
83305
82299
68014
65624
68844
65970
141660
57809
88469
76482
69217
76884
67436
76918
71492
64547
70941
66748
67380
67239
69383
68396
146403
81403
58428
69500
70463
68835
69241
69701
88177
84218
88572
83630
86265
82561
86731
82859
85668
82706
121700
59237
86768
85669
85540
85475
86581
86403
87435
86038
86942
85813
89272
85636
88732
85922
128205
84472
61348
87814
89375
86759
84253
84641
84009
84324
82722
83956
84081
84093
83584
83519
85524
84048
125702
59628
89971
85527
83949
87836
83740
85980
82245
84443
84010
84259
81984
84180
83942
85197
122971
83175
60423
87283
83434
85825
82280
85563
80266
85450
81037
84242
78488
82867
80615
82139
81085
82121
117160
59535
61211
84324
84528
84179
82388
85241
83616
85692
81303
86530
83101
86919
82510
87141
119991
84165
