76240
36900
58237
55362
50087
51266
49280
48533
46367
47057
46852
44535
42929
44671
45613
42720
89567
34583
35188
57165
50619
52501
48399
49770
44189
48254
43751
47967
43651
44428
46396
44360
57176
41156
75941
35322
55279
54240
53660
49780
48034
47580
49903
47996
44932
48577
44678
48298
49657
40803
90168
35935
34771
58588
53427
48047
46075
46186
47396
43966
46305
42690
47051
41513
47565
46650
58380
42677
93429
34010
59424
53934
50014
47204
48249
46111
46526
44973
45555
44269
42046
44965
45666
42917
99575
39595
35345
53556
49633
49531
52956
47768
50540
45462
48056
43935
47904
48455
48870
47678
54356
45349
82581
34688
51924
54337
55053
52536
52188
51203
49058
45389
44870
50462
44500
48166
45378
43846
91975
40237
33373
57107
58016
52187
49853
50018
44982
46970
47801
46865
48072
42581
44635
43897
49130
42772
109890
33501
55099
53227
51601
50389
46614
46264
44489
43699
44661
42584
44835
41922
45971
42108
111736
40858
33701
55271
54372
54849
46292
47770
49290
48657
49030
48285
49338
48648
50953
48539
52979
47222
92819
35162
65375
61343
55385
52487
50970
50167
51365
49876
50524
48797
51560
48807
50623
48836
96337
44162
36374
66302
56927
53456
51223
51113
50271
49873
50195
50353
50233
49871
49443
48615
52376
48215
91986
37577
58883
55914
55431
54772
52618
52189
51210
50987
50305
49991
49137
49707
50502
50318
92249
45758
36818
59637
59181
59375
55298
54130
51693
51799
51341
51553
49312
50340
50157
47684
45405
46921
91845
35436
43602
60834
57363
54859
49332
53270
48841
52160
45192
50690
46122
47679
46463
47501
94355
45097
