78796
37719
57919
55657
51287
51122
50218
49654
46976
48568
47389
46708
44891
45182
47545
44020
91747
35812
36212
55949
51504
47088
49400
44639
45614
44850
45684
47239
44321
49479
46027
47323
59775
42718
77265
35874
55000
54008
53889
50122
48062
48017
48407
48276
46483
41317
46166
42392
48907
43438
91691
36864
35671
57131
55743
47345
45506
46042
46413
45913
46162
45149
46197
43019
48046
47197
58326
42316
92742
35174
57458
52113
49627
47628
50264
44993
48912
43596
45915
43851
43746
44617
48091
43003
100670
39306
35171
52627
45890
48441
46514
47745
47545
46139
47112
44696
47137
47741
48741
46624
54331
44142
82787
34222
51007
53986
53708
52356
51169
50845
48177
46485
46511
44097
46688
47119
46786
48080
91903
40443
33708
56104
54921
50581
49826
49933
46392
45906
46914
46777
47264
41056
44008
41287
50733
39213
109954
33693
53146
52057
51084
51495
45942
47454
44737
43800
44589
43361
44308
42885
46783
42300
112501
40824
34896
52084
54400
49599
47054
46190
49246
48577
48550
46757
48674
46379
48331
46004
51595
44826
91269
34460
62263
57342
52081
50292
48290
48371
48156
46185
46272
45031
48276
44278
48542
43657
95857
40007
36217
62226
54781
52324
49954
50137
50042
50557
48940
49496
49200
49712
48843
48953
52353
48672
92141
37133
58010
55409
53905
54166
51946
51726
50660
50783
50693
50449
49469
50170
50599
50774
92578
46381
37474
59111
58664
57028
55404
53497
51421
52196
50487
51391
49555
50556
50046
51736
47923
47457
92562
35969
44191
58994
56544
54487
49450
45816
49644
46545
47087
50464
46867
50842
45821
51760
94658
44390
