113737
63163
82778
85453
81521
83782
82695
83211
80261
83196
83092
83063
82207
82544
83920
83100
116022
83913
59258
90163
83250
88841
84327
87330
81014
85706
84482
85838
84122
84956
84163
85633
83216
85388
116284
60801
86890
89562
87407
89095
84229
89171
86173
89679
84762
88970
85090
88641
92482
93662
128310
89529
57944
96117
95706
93918
90997
92976
94090
94104
82641
78318
78940
83428
84829
81648
90396
81553
130822
57079
87670
85206
82777
84458
86054
84616
84829
84196
84234
84450
82876
83233
85895
83515
133743
79751
61831
84505
85203
83675
87440
83521
84921
83161
83584
83131
83854
85215
85076
85331
85194
84422
119477
57679
85918
87368
90231
86376
89468
84904
89227
85203
98218
101692
99540
100154
98783
101634
134841
99033
45969
103708
103232
101568
101456
101457
101879
101616
80928
86659
82028
85435
67524
74708
66185
71722
139167
56187
87878
80042
69883
69848
67934
69450
65923
65958
68454
66969
67158
70255
68826
74915
143721
83328
57592
87355
66967
74280
66019
70193
84623
83807
84040
83319
82741
82843
83703
83938
84147
84666
119058
63050
85619
89359
84410
88584
88687
85969
88469
85266
85727
85445
86608
86300
85500
86523
123921
85178
60118
89070
87793
89870
86665
84017
87502
83407
86451
82841
87711
82868
84480
82411
84731
84522
123073
60471
86172
85836
84706
84806
85148
84475
84296
84640
86218
84343
85264
83512
87861
83761
126733
82217
61699
85778
82803
82843
82027
82483
79974
82357
81914
82410
79597
81444
82645
81453
83180
82117
120504
59562
60572
87988
83337
86787
82056
84796
82710
83511
81149
83833
83358
84268
82793
84845
120766
82630
