77531
37436
58052
53709
51097
49548
50143
47157
46612
46935
47604
42840
44791
41482
48535
40463
89821
34497
35708
56453
53001
49300
52359
44551
46409
44368
45502
43988
44521
43860
46881
43187
57470
42236
75230
35395
54806
55054
53091
50821
48198
48643
49176
45137
49584
44005
48803
42768
45609
43349
89362
36652
35550
59303
52112
49118
43921
47210
43327
46651
43705
46628
46472
44952
47131
46847
57717
42597
91729
34742
58512
52993
48675
48098
46675
46742
44900
46569
44433
44339
44738
41422
48150
43263
99529
38801
33988
55422
46290
51311
46946
48906
47279
47295
45693
45070
48144
47048
49573
45940
54799
43479
82452
34694
51765
53071
54439
52385
51164
51332
49275
48295
47844
44151
45931
43440
47285
43278
92305
38577
33399
55355
57314
48830
51596
46398
47293
43750
47617
46408
48427
43089
47239
42284
52247
38806
110269
33657
54696
50726
52231
49016
46800
44380
42610
44788
43163
44440
43380
43441
46348
42770
112713
40820
34495
53639
56620
50042
48759
46068
47826
49484
47859
48705
47282
48151
47350
46890
50380
45126
89770
34351
61788
59433
53287
49658
48764
48707
48331
47508
44574
45182
45285
44101
45795
44250
93226
40410
35421
63760
53432
51871
48883
48770
49063
46997
46176
48060
47581
46871
46309
46585
48505
46056
87118
35838
55698
54137
52373
50598
50143
48480
48474
46730
47698
46664
47735
46869
48334
47161
88425
43229
35001
57679
57914
54333
52339
50640
49333
48228
48813
47458
47448
46594
47339
46797
45995
41526
89365
34388
42793
57012
54062
49086
50336
45820
49258
44404
44626
44042
44999
43587
44977
43897
91325
39107
