102758
62095
81161
82739
79508
83242
79746
83683
77867
83241
78540
83065
78397
81277
80421
81216
109647
80975
61314
83108
81907
82830
83456
83125
81417
83618
82194
84558
82067
85071
82665
87149
87154
82320
115017
59413
83936
83976
84864
83762
82032
82857
83350
83618
82630
82219
83812
84269
94314
94046
126174
91233
61861
94793
97793
93245
93706
91904
94464
92450
92751
91359
93070
93124
80634
82246
82504
83039
128427
57980
86652
85570
84849
84347
87020
83518
86217
81941
86693
82884
81147
83775
82516
83707
128412
80592
58729
85283
81295
83081
83546
82912
82860
81922
84135
83296
80810
85761
80952
85018
80834
83710
113581
60974
81676
84136
83076
84061
82075
82574
82621
83508
94129
95415
94575
95077
92886
96060
126994
95643
56489
98863
94864
97880
93938
94879
94111
95198
82518
83344
83532
83376
82297
82546
83705
83421
130757
58658
86636
87856
84647
87057
84285
88633
85891
82438
85131
82779
82909
82985
84795
84222
133236
81648
58811
85909
85425
84483
84984
86244
84943
82880
85729
81854
84104
81145
85492
81380
82542
81188
119069
58334
85155
82617
83998
83954
86398
86464
86185
85889
85193
84936
87446
85961
86873
85133
125665
83661
61341
86091
89771
87313
87536
88620
87712
88083
85783
87659
86795
88152
85190
86605
87100
87474
125232
57200
93517
90981
83466
87930
82979
86333
81162
84530
82988
84133
81441
83370
83026
84777
120727
81346
58912
89713
81247
83190
80028
82435
78080
82912
78952
83286
77037
81963
78316
81110
78995
79705
114417
59975
62012
81236
81454
79875
78576
79680
79987
80395
78157
80900
78786
82499
78434
83073
115106
79753
