84978
40884
54753
53279
51865
51654
51620
49879
49171
49121
50530
48715
50056
48583
50953
49153
84539
45921
40940
57012
52792
53650
51949
50976
50627
49892
51822
50399
50768
49456
50720
49146
48467
49549
82470
39324
54634
55774
52449
51070
48798
50553
50702
50654
50257
50149
50470
49089
46494
50679
95683
42497
36983
60265
55287
52778
50775
48170
46578
47225
43966
47553
43155
46570
47950
48728
63134
44613
95538
38707
54836
53680
50104
51956
51712
51668
50117
51446
49295
50248
52414
50372
56066
50044
101851
44601
39729
55107
51562
54827
54589
54150
52065
53096
50954
51256
51960
50567
54113
49790
53767
49674
88637
39162
52712
55306
57579
54617
53374
53223
51607
51672
54647
52135
54494
51283
53536
51610
93182
47960
37356
57954
61786
57020
56485
54176
53586
51933
48996
49780
50222
44540
45906
43773
49165
43366
118814
37239
62883
49186
48689
46543
46946
44540
41645
45215
44145
44326
43393
45154
44096
45348
119539
46087
39141
52104
51819
46873
49439
44532
50583
51093
50490
50729
49318
50502
50229
50398
53905
49166
89044
40148
58909
55334
53251
52027
51194
51457
50801
51509
49554
51359
50870
51367
51285
51082
91225
48763
40736
59543
54583
53731
52411
50587
51471
49804
50241
50947
50692
50648
49897
50725
49779
51438
89035
41201
55907
54637
53891
50850
51949
50544
50523
50709
51074
50496
50499
50179
50529
51479
90110
48796
41062
57829
59992
52645
53024
51073
51031
51066
51846
50123
50185
49732
50792
49921
50893
50771
88023
40963
44233
54206
53613
52193
52138
51179
52419
49626
50244
49607
51136
49758
51244
50763
89015
47360
