120712
59656
88129
84444
85043
84178
85424
83908
81675
83895
84935
84670
84308
84197
84622
84822
118109
80950
61936
87445
88587
85519
88668
83683
84573
83690
86966
84028
85632
84942
85441
84917
82639
84166
116004
59447
87527
87569
87980
85716
84689
85000
89143
84942
88633
84425
88111
84359
91197
93451
128841
90212
57206
96055
94313
93736
89374
93025
93173
92965
93030
81194
76799
78394
79062
85234
86603
84864
127735
59814
84615
85979
81475
84423
84638
84737
83332
84183
83716
84240
83800
84616
85585
87016
131442
84281
58208
88969
81817
88622
85264
87904
83461
86395
83740
84449
85764
85669
86964
85829
86449
86118
121377
59170
84450
89326
88451
90028
87431
90829
86031
89977
105884
102090
105359
102487
102872
103559
139628
101531
45801
106048
106977
104805
104604
104416
104067
104151
84194
82726
85959
73621
74183
65776
75281
65180
147016
55279
89432
71947
70405
68767
69417
68238
63638
67400
66157
68267
66849
68639
70177
68876
152738
81413
60743
69913
77511
67769
74719
66462
85025
85629
84431
85078
83283
84824
84208
84814
85806
83926
124660
59536
88731
86651
89124
84319
84832
89000
85148
88065
83924
86998
85493
85750
84145
86425
125705
84701
59700
88815
87375
86758
83759
86437
84049
87017
82645
88185
83254
87368
81139
85780
82755
86317
122173
60452
85222
85868
85518
84306
84890
84097
83178
85503
84443
85744
81973
86493
83444
88606
123116
87276
59602
88798
88691
84854
85674
84653
84264
84578
85292
84063
82158
83669
84051
84844
83767
86384
120489
62792
65157
82613
87734
82840
85201
82076
84833
81746
81189
81953
82871
82379
83233
83254
120456
81520
