87440
43091
54787
52188
50975
50118
50847
48977
48131
47843
48438
48460
48863
48564
47237
43643
94141
39175
38366
53827
52718
51716
51668
45054
46710
44930
46312
45364
45689
45164
46160
44547
61196
44589
79000
38434
53536
53788
52175
50819
48957
48985
50729
49527
49423
45850
47940
44304
47546
44952
92369
40185
36812
56041
53432
50010
45023
47735
44330
46539
44020
47014
47255
45317
48904
48349
60163
44577
94115
36323
55347
52937
48755
50635
49109
46031
44032
46300
43089
45243
45496
42768
50597
44252
102262
40462
37596
53655
46420
50916
45573
47470
45940
46185
44393
45314
49239
47580
50703
46961
57656
44371
84777
36240
51774
52891
52008
51486
50328
50581
48175
48931
49998
49111
47427
44475
48865
43989
94681
41247
35039
53427
53844
52600
53481
51145
47667
46469
48463
47243
48841
43044
46906
41789
53728
40110
112138
35948
52894
48253
49655
47181
46801
44888
44262
45252
43233
44781
44091
44339
47917
43739
114321
42362
36730
49979
52639
47459
46602
44832
49595
48937
49246
49322
48151
47538
48078
46802
50949
46632
92495
36520
57169
54789
50799
49665
48559
49264
49870
47000
45766
45525
44968
44621
46363
44664
96406
40432
37378
58014
51359
50645
50033
48791
48662
48313
47939
48031
48075
48412
48125
47573
51160
46099
88947
37305
53313
52855
51688
50856
50542
48932
48243
47438
48562
47135
48294
48067
48446
47777
90167
43407
36945
55174
54611
52413
52273
49572
49317
48706
49128
47885
47965
47502
48783
46766
48355
43745
91698
36285
42769
54628
53299
50615
49739
44472
46551
45680
45385
44285
46393
44315
45588
44885
93901
40894
