114108
63784
83555
86897
80604
86775
81885
85678
79295
84428
81961
83616
82056
83078
82901
83605
115954
80699
60195
86831
84286
85971
84401
86453
81468
86727
83495
87838
83098
87280
83331
87350
83792
84047
116225
58786
86383
87902
88037
86138
83647
86206
85950
85668
85784
87003
85462
88067
94752
92891
130714
89057
59054
95633
96518
92917
91046
92732
93694
93389
93439
92784
81388
76070
82558
82302
88125
82070
130905
57142
89781
84984
85194
83858
87248
83519
85564
83508
84501
84001
82500
83765
84251
84456
130996
80542
59426
85748
83315
84437
86888
83947
86948
83353
86801
83275
83133
86809
84592
85723
85177
85503
118924
57960
84045
87946
87860
87205
86163
86053
86758
85934
99452
102068
98807
102497
97785
102239
133202
99421
45283
103494
101928
101406
99858
101343
99858
100767
80707
83053
83010
82355
69001
67768
69141
71598
138851
58763
87326
83767
68572
76229
66240
72991
66389
66985
68217
67421
67625
67319
69269
68046
145411
82283
57966
71135
70596
73354
69479
77013
89190
84490
87457
83902
85165
83990
85209
83957
85206
84249
123462
58578
87384
86612
86089
86727
87469
85575
88687
85589
88268
84919
89148
85045
87213
85124
127083
83765
59310
88017
87531
87157
83793
84330
83499
83332
83793
83464
85541
83273
84651
83025
87254
83397
126490
58924
89531
84833
83974
85765
84310
84985
82705
84066
83927
84089
81973
83401
84202
84189
124748
82836
62165
86553
82765
87036
80947
84800
79542
83452
80777
82193
79290
81263
80990
81942
81205
82267
116715
60342
61655
85160
83766
85662
81796
85761
82688
86616
80242
85962
81917
84922
81728
85252
119945
81957
