109658
64139
83088
86159
81444
87347
81961
86164
79967
84843
81459
84596
81353
83455
82265
83502
110334
80885
60334
85688
84009
85975
84419
85831
82215
86287
83912
87534
82439
88024
83126
87893
84512
82449
115264
59403
86217
86472
86929
84875
83814
84556
85742
84576
84092
85090
84381
86434
94670
92550
129722
88926
60259
95279
97023
92241
92313
92042
93949
92443
92779
92046
93143
92982
80907
81949
87649
82053
130101
58312
88637
84241
86737
82980
87993
83431
85813
82410
85546
83110
82867
83851
84310
84431
129465
80528
58900
84261
82578
83983
85665
83533
84918
83305
86584
82587
82752
87738
83251
86229
83411
84750
117493
58190
83873
86772
86114
86091
85075
85246
84839
84891
93917
96198
94411
96706
91675
97197
127401
95352
54975
99608
96454
96961
95011
95937
94591
95767
82132
82251
83464
82779
81540
82862
85877
69321
132848
60055
87700
90357
85688
81505
69245
78090
73292
68618
69920
69270
69461
69256
71363
69959
140236
81971
58745
86813
86342
71856
72312
73850
89109
83940
88431
83301
86012
83280
85859
83312
86382
83074
122936
59349
87156
85963
86409
85737
87326
86187
88222
86335
87270
85378
90192
85121
88953
85063
128323
83462
60531
87295
87553
87480
83523
84678
83684
84077
82047
83236
84536
83335
84571
83054
86143
83611
126320
60505
89171
84804
83705
86803
83652
84538
82237
84071
83183
84173
82122
83503
83096
84222
123181
82224
62079
86560
83100
85670
80746
85072
79099
84060
79442
82106
78838
81109
79681
80394
80031
81807
115344
60789
62619
80535
79941
80970
78563
82163
79445
82927
78295
83808
78497
83137
78571
83582
115208
80440
