116937
56147
88603
82936
83716
81944
83850
82251
79821
81770
82474
81742
82543
82365
83185
82153
119038
77546
58306
85774
86348
84330
87438
82778
83272
82434
85238
83636
76480
70962
71877
70327
84185
82849
115291
56880
86912
88235
87444
85712
83603
84866
87455
80166
79384
69085
79838
67743
69358
78522
127947
68239
46894
96112
93999
76708
70473
74297
72528
75097
70833
74504
72712
73906
81326
86183
87637
85360
128480
57068
85997
87331
81147
85127
73941
70481
68202
70051
67647
68398
67336
64804
70662
66681
133615
81531
49340
83854
67064
78114
68750
77526
65898
75532
65019
69208
84839
84085
86071
83686
88048
83320
120702
56456
83107
87112
86903
88154
85984
88745
86238
80691
89114
75413
87563
73391
81577
76432
138215
74228
44494
100545
102731
101073
98433
80171
80353
77071
83943
82900
85007
65778
73064
64050
77153
61906
145321
52467
76904
69543
69497
67939
69008
66918
64031
66338
65279
66672
65929
66483
68837
67091
149299
80255
52932
69608
76815
66852
74025
65587
82685
84129
83843
84292
82377
83673
83674
83423
83597
82486
125213
56608
88852
87136
88003
84669
83570
87613
84034
86847
83028
85941
83695
84445
83063
84912
126394
82691
56343
90201
87167
86125
81437
84016
81762
84066
80961
84990
81190
85268
79541
83712
81731
83925
121838
57904
83692
84816
85006
84273
85620
83871
82806
84244
83506
84757
81121
84845
83037
87201
123127
84933
56359
90096
87575
84592
85689
84211
83805
83383
84759
82746
81616
82673
83046
82468
83122
84319
121944
58236
63059
84817
88056
82664
85179
81766
85297
81381
81337
82173
82969
82614
83373
83514
122673
79488
