117777
60201
87462
82776
86136
82398
86247
81524
81968
81946
83940
82149
83128
82683
83387
83230
115879
81621
60771
86420
85589
85641
87180
84849
84358
83893
88232
83738
87758
83451
87048
84480
82964
85674
116876
59338
86525
88898
86940
86657
83901
86352
87340
86493
87541
86211
88503
85997
91096
96689
126821
93221
56782
98423
95008
94417
90302
94323
93493
93925
92549
93330
92850
93652
79865
83765
85378
85157
129096
62379
85299
88822
81402
87224
83747
86178
83581
85229
84384
84644
83717
84043
85151
84120
131585
81518
58830
86565
81955
86895
85113
87542
83448
87578
83494
87242
86827
84208
87029
85363
86521
85068
120023
58262
84584
87672
87960
87036
86386
86979
85978
88501
105414
103527
106285
102945
104477
103059
139829
101007
47786
105599
106352
104743
104569
103839
104265
104067
81519
82232
82809
82524
66543
67151
71043
66712
146383
55277
91075
72975
76862
67600
73626
66756
65297
68194
67567
68833
67222
69276
68154
70367
149264
82037
59965
73645
72444
70877
76163
69590
84804
87985
83762
86453
82348
85274
84851
85032
84583
84549
122800
59702
86789
86723
86470
85892
85756
89182
86198
89736
84232
89804
85431
89688
84562
88091
124860
85687
59163
88501
87088
87962
85204
84471
84828
84620
83107
85624
84210
86095
81807
86987
83641
88629
122122
63851
85335
88771
86736
85072
85488
84137
83835
84010
84922
84087
82410
84127
84338
85817
123146
85432
59612
90812
88633
82605
86977
82020
83268
80936
83504
80764
79936
81481
81663
81940
82237
82486
117988
59977
62962
83709
84795
83625
84373
83144
86727
82036
84031
81469
85865
81767
84773
82921
121358
81528
