114199
61341
83513
82717
81834
82421
82763
81981
79465
83219
83052
84001
82210
85397
82821
87060
117493
80530
63266
85731
86295
84670
85682
83937
81446
83702
84994
84069
84656
84323
84677
84899
85518
85134
119067
59553
89257
87059
90289
85819
85859
84865
88434
85299
87157
85127
86192
85095
92530
94011
126777
90897
57420
96402
95034
93576
91158
93286
95966
93474
96108
92568
95910
92544
78822
83227
83850
82859
128807
58186
85502
85817
81908
85132
84481
84734
84064
83861
84516
83976
83675
87665
84416
87981
130554
85013
57918
88446
81401
86520
85967
86132
84675
85284
84283
85056
84812
85483
85941
86176
85362
86920
119928
61907
83745
91456
87192
90407
86279
89170
85252
87494
104235
103415
104010
102938
102288
97413
138614
102789
46460
106400
105449
105947
104928
106286
103879
106944
83073
81103
84308
81032
71207
64317
68819
66445
143663
55888
88006
79115
71426
69176
69635
68139
65347
68756
69885
68901
73418
68177
76568
68115
151207
80826
58957
76797
72014
69284
69436
69117
84555
85059
84571
84512
83805
84441
85956
83762
86921
83734
126231
59287
90282
84897
88542
84276
84879
86568
85244
85448
84270
85574
85117
85605
84069
86205
125660
84280
62531
87288
89235
86467
84638
88502
83583
87608
82660
86545
83430
85028
81765
84399
83902
84749
122308
60599
85441
86400
86006
86498
84701
86518
82918
86985
83720
87641
81746
87755
83387
87723
120955
85111
60045
87845
84347
82592
82116
81557
80758
81542
81746
81854
79905
82555
81253
83672
81489
85628
117392
64709
64400
80964
84032
81079
81680
81034
81621
81243
79302
80750
81241
81376
81820
83127
119639
81852
