115576
60958
83829
83759
81347
83062
82983
82464
79421
82215
82588
82564
83070
82376
84164
82874
116877
84350
59786
89226
82803
87038
83341
85160
80425
84027
83547
84231
83315
83844
83737
84731
83441
86460
116622
61834
86736
90402
86916
89684
82794
89088
85136
88583
85233
87595
84906
86361
92149
92842
127256
89965
57268
95759
94656
93896
89841
93990
92981
95393
92653
96145
92024
96181
82674
80925
86455
81490
129174
57970
86153
84989
82369
84573
85127
84147
83815
84348
83903
85301
85111
84252
87933
83972
133829
80519
61325
84698
83705
84224
85858
84296
85017
83871
84215
83840
84133
85102
85472
85006
86314
85443
121813
57874
87055
87017
91025
86084
90140
85860
88165
85500
101704
103435
102397
103105
101068
103504
137051
101699
46541
105233
105429
103812
104764
103716
104992
103317
79700
85770
81804
84777
65981
71048
66654
67286
142459
55883
87829
75868
69410
69825
67938
69502
67419
67573
69102
71467
68766
75339
69006
77093
147326
84183
57669
76651
68596
70419
68775
70571
85621
84861
84716
84418
83763
85294
84184
86061
84386
86565
123059
63546
86437
90193
84700
88456
86879
84975
86007
85142
84411
85108
85766
85403
84332
86088
125760
85368
59622
89852
87321
90195
88114
84037
88401
83011
85531
82505
85905
82838
82244
83320
84185
84030
123014
59800
86209
85676
86123
85599
86305
84332
86096
84291
87697
83708
85423
83273
87020
83970
124619
82440
60252
87196
83273
83732
81852
82610
80707
82499
82654
81882
81002
81393
83291
81381
84566
82402
121909
59041
60541
87333
84311
85789
82968
84580
84286
84520
81788
84048
84061
84621
84713
85405
123533
82430
