119035
60288
87221
82575
85357
82144
85389
80974
81892
81622
82682
82396
82669
81805
83085
82566
117181
81647
61326
85686
85114
84973
86623
84125
84353
83307
87212
83184
86514
82749
85795
83794
83101
85252
116588
59832
86256
88209
86863
86680
83811
85890
86928
85845
87232
85581
88499
86032
90870
96463
125935
92347
56611
97992
94067
94290
90398
93696
93087
93418
92573
93324
92985
93522
79501
83832
84471
85193
128812
62678
85624
88611
82007
87278
83959
85796
83434
84187
83558
84519
83647
84244
85142
84478
131498
82357
59258
86551
82902
87125
84705
88384
83697
87657
83272
87161
85507
84179
85407
85059
85731
85569
119676
58296
84647
87148
87457
86911
85868
87133
85786
87854
101682
99462
102620
99155
100946
99620
136413
97946
47755
103274
103606
101128
101515
100561
100897
100642
81951
82460
83220
82787
83139
69023
72759
67510
141736
56173
91129
86736
77912
67938
73941
68632
65898
68786
67943
69087
67371
69630
69168
70402
145883
82086
59613
87522
73923
70975
77600
69827
83827
87452
83784
86113
82943
84505
84058
84566
84989
84438
122711
59325
87014
86411
86687
85637
85316
89129
85787
89403
84095
89605
84718
88711
84007
88053
124628
84772
59349
88409
87589
87887
84457
84292
84876
84901
83319
85459
84213
86452
82318
87344
82897
88798
121975
64118
85266
88047
86045
84902
85243
83965
83609
84193
84862
84279
82858
84224
83994
86084
122908
85590
59551
90782
88090
82288
86506
81336
82871
81020
83302
81181
79961
81173
81819
81204
82128
82362
118044
60568
63275
85023
86411
84199
85721
83765
88105
83891
85000
83157
86075
82839
85522
84213
122411
82864
