106947
57820
80343
77887
78955
76963
80934
75760
78343
75846
78852
75849
77554
76371
77391
77250
105459
75726
56987
81615
79040
79668
80542
78657
78663
78070
81450
77991
81891
77903
82473
79007
76745
80463
109414
56804
81115
83192
81969
81602
79544
81640
80787
81145
81073
81115
82378
82365
88751
93285
123630
90215
55951
96437
91305
92755
88258
90452
89706
89738
88437
89385
88459
89969
77852
80467
83969
81701
127549
60514
84438
86995
80936
86086
81787
85306
80828
84404
81440
83553
82523
81390
83350
81911
128677
78643
59581
83761
81042
83419
82830
84475
81462
84931
81068
86062
87068
82079
85557
82741
84156
83184
116447
58212
83818
85698
86275
84455
84734
84235
83879
85265
94251
92913
95662
91879
94842
92169
128842
89963
57572
95408
97527
94026
94156
93234
94543
93210
80553
81674
82391
82122
81664
81990
84722
74462
133520
55930
90627
85185
87924
83496
78026
67348
68920
70655
70085
70698
68667
70694
69618
71640
138878
81525
59237
86147
87145
82372
74696
72355
83969
88015
82986
86114
81512
84768
83173
83796
85382
83268
122125
59692
85601
86194
84997
85356
85723
87385
85224
88243
84089
88688
84279
88635
84395
88020
123932
85538
58879
87391
86401
86972
83531
82775
83540
82738
81770
83802
82802
84745
81584
85102
81998
86773
120946
63960
84296
87941
86484
82729
83729
82935
82206
82342
83246
82804
81835
82211
82430
84877
122130
83900
60036
88868
87209
80657
84981
79789
81886
79239
82036
78828
79541
79562
79869
79505
80225
80291
115473
60264
63204
80422
82194
79965
81070
78949
83496
78637
82038
78103
82204
78059
81107
79486
116713
78529
