116452
60755
84607
83078
83143
83253
84732
82086
83671
81625
86354
81832
85442
80840
84367
81941
115923
81316
59763
86584
83842
85692
84064
84817
82038
83545
84660
83802
85272
83531
86790
84600
82880
89096
115719
62035
85667
89416
86525
86755
83761
86375
85309
86249
85898
86217
86064
85982
91561
94457
126762
93123
57333
100230
94416
96909
90534
95648
92925
95486
92259
93533
92465
93732
79511
80933
84505
82095
129237
59813
85389
86370
83032
86186
84263
87401
83262
87748
83252
86774
85653
83558
85774
84568
131412
81560
59003
85125
82991
84544
84965
84429
83936
84728
83672
86150
87218
84112
88359
83635
87808
83430
120434
57906
85133
86356
87552
86000
86483
85818
85634
85414
97033
97032
97250
96753
96473
97584
134361
95210
58914
100308
103050
98499
100610
97044
99333
96995
80124
83024
82567
83015
81529
84269
68801
69081
135908
56272
88863
86482
87818
71622
76877
69172
67658
76624
67849
75035
66470
69929
69495
70617
141905
82203
58302
87657
79657
71957
69585
71410
84198
87509
84303
87815
82526
87576
83429
86851
85026
85694
121778
59520
86539
86560
85518
85638
85756
85648
85677
86128
84593
87689
85933
88159
84931
89638
124975
88389
58952
91433
85956
89256
85367
84429
84751
83631
83537
83440
84417
83475
83196
83851
83738
85919
122697
63197
85650
89857
89072
84145
88452
83370
85431
83482
85836
83616
83077
83687
84342
84417
122905
82749
59830
86826
85451
82877
84481
81720
83471
81511
85452
80694
83830
80636
84417
80945
83003
81590
118592
60006
61741
85416
83926
84965
82863
84438
84522
84452
84003
83404
86094
83559
87144
84090
125622
82184
