114756
60410
82462
85097
80256
85653
81513
84323
77535
82983
80285
82570
80142
81144
80833
81494
114444
77909
57699
84395
82608
84247
82596
83785
78990
84260
82711
86047
81512
86360
82046
85640
82090
81168
115336
58042
85760
86036
86293
84242
81467
83652
85229
84384
84082
84711
83815
85387
92379
90541
130215
87189
58625
94434
94884
90581
88356
90208
91544
90838
91074
92119
77969
73713
79554
80216
87281
80095
129001
56781
87617
83156
83531
81667
86334
81658
84076
81278
83689
81731
82165
83338
84183
83923
130603
79952
57587
83935
82005
83785
85903
83738
86067
83224
86304
82048
83022
86505
83745
86118
84090
84961
120365
57192
83050
87553
87419
86748
85565
86061
85725
85076
100931
102658
101165
103707
99565
104619
137342
101402
47241
105938
104177
104003
102060
103035
101569
101885
81161
81775
82123
82813
66799
65882
67728
68783
145279
57611
87610
79798
69449
76412
66970
73689
66214
66543
67357
66554
67530
66926
68250
67241
149384
80312
57367
82609
69520
71092
69686
73825
87811
82919
86677
82296
84088
82596
84088
82540
83895
82324
122764
59318
86446
85154
84914
84961
86454
84714
87296
84532
87076
84313
88800
84147
86456
83893
126710
82941
59370
86482
86805
85920
82977
83244
82820
83342
82746
82472
84320
82669
83317
81896
85805
82539
125739
58991
88451
83205
82409
84532
82523
82941
81385
83318
82475
82879
80501
82583
83569
83666
124081
82075
62165
84922
84974
88005
83243
87012
81384
85240
82218
83810
79919
82440
82207
83390
82196
83656
118589
58214
59939
83388
82467
84060
80915
85164
81655
85452
78830
84556
80888
84565
80494
84143
118442
80838
