111629
57325
84612
84970
81006
84850
81649
84280
77672
83544
79850
83412
79622
82848
81457
81989
118308
75764
56109
84309
83501
83661
83466
82811
80092
84059
83938
81886
72939
81076
71023
80356
87370
81431
117559
56799
87738
87593
87853
85611
82797
84873
85936
86184
71793
68762
70968
68580
74283
73905
131741
67974
52264
94034
96794
77001
78247
70650
75736
73375
73940
72916
74095
72494
82186
82911
88628
81473
129958
55574
89152
85724
84317
83607
88981
69325
78328
66967
75273
65296
66724
67744
69708
67634
133412
80400
48807
73622
66092
69900
68553
70495
70349
69528
74820
68095
83183
88363
84507
86700
86230
84796
120634
55905
83750
87336
86501
87101
85216
86949
85455
72465
80769
78553
80936
83399
79818
87485
137159
85641
44579
103159
101270
102946
98081
83485
78971
79822
83041
83157
84016
66026
66727
65073
69236
66456
144108
56034
73913
77504
67494
77242
66170
73473
68486
64639
66694
65414
66808
65514
68389
66644
147635
80923
48847
69639
69304
69714
68119
71887
87317
83305
87420
83316
85083
82373
86051
82260
83826
82699
124908
55808
88911
87449
85892
84635
85150
85096
86360
84654
86178
84385
88438
83897
86438
84202
129607
81811
57821
89545
87388
86089
81183
83147
82362
82908
81123
82340
82973
82017
82097
82088
85064
82625
126715
58258
87877
83370
83714
86699
83811
85324
83129
84470
83703
84536
81526
83872
83585
84793
124792
82255
58501
87378
85555
89096
85104
88697
82385
87403
83549
85976
80654
84352
83363
84495
83234
85433
121879
56224
60698
85091
84791
84661
82833
85803
83977
86305
80733
85677
83053
86616
82647
86298
121617
81885
