110867
65791
80946
85015
79493
84504
79428
82449
78090
80981
79881
80508
79875
80584
80673
81850
114387
82454
61365
85230
82365
85747
83267
86546
81020
86261
81899
86185
81331
84695
81906
85044
86892
86656
117431
61011
86679
87465
87097
86411
84909
86949
85340
87537
84781
87973
85112
90157
95454
92175
126882
89377
60098
93530
93785
92553
90517
90921
91959
91062
91239
90828
91807
92140
82648
82045
85592
82817
131546
59569
87950
83864
85192
82512
84313
81582
83585
81969
83572
82472
82607
83619
83109
83461
129085
81069
61989
84012
84689
83193
87090
82610
86100
81293
85937
81511
81921
84938
82817
83180
81951
83157
116712
60811
82936
84762
84892
83695
84405
82968
85609
82934
92442
96698
91708
95322
90232
95034
126328
92486
58248
95096
93798
93634
92423
92982
92704
93080
80552
82727
82597
83674
81466
85088
83237
86746
129937
63164
84317
87266
83058
85174
82765
84671
83195
83238
83894
82853
82211
83317
84067
84693
132399
83095
60519
87362
84503
87283
83453
87468
88438
84466
86882
83952
84430
84412
84881
84122
83985
84449
120909
60770
86617
86591
85857
87055
87229
85086
88635
84876
88388
84249
88860
84372
86697
84747
123200
83842
60511
86188
87214
86005
86389
86755
86352
85841
85689
85776
87670
85947
87825
85099
89558
85432
125806
59976
90863
86641
82654
84286
83291
83377
82296
83304
83059
83671
82356
83235
84649
83826
122347
81716
64921
85268
82184
86271
80781
84605
79374
83072
80265
82344
80050
80971
80349
81387
80866
82092
116067
61308
62336
84698
82515
84212
80368
85482
81391
85399
79495
84563
80348
83364
80834
83404
116985
80803
