101054
62561
80023
82317
77750
80247
78826
79878
77035
78939
78324
79574
78644
79093
81352
79753
112584
80702
59476
85676
80961
86060
81825
85759
79348
83511
80317
83572
80640
81458
82621
83049
84738
81920
112108
59461
83408
84499
84303
84749
81499
84715
82628
86758
82003
85724
82733
85973
93867
92605
124082
89773
57265
95029
94885
93207
90567
92556
92816
92300
91494
91520
91936
93841
83830
81387
86744
81767
131381
56198
88777
84657
83293
83485
83813
83096
83256
82351
83758
82902
80776
81759
82243
81866
130935
78867
60332
84440
84312
82112
85171
81431
83863
80579
83708
81932
80242
81502
81216
81537
81327
81414
114447
58322
81671
83206
84505
83021
84329
81659
85564
81742
95109
99715
95073
97610
93483
96434
129553
94977
54641
98649
98156
98602
96034
96081
95970
96512
80146
83457
82015
84202
80263
84096
82450
77049
134014
57026
85156
86171
83294
84075
83481
72930
71788
69892
71732
69032
70782
68274
72755
70326
138834
82512
56324
88880
84655
86926
83964
86740
82363
81609
82349
80850
80138
80928
81681
80929
80747
80642
118360
59007
84292
84019
82963
85112
87764
84552
87785
83842
85524
83324
85992
83639
83236
84114
122842
82674
57283
86096
87424
86497
86203
85966
86467
85147
85383
84373
88184
84523
85730
83669
87561
84514
123463
55482
89810
88426
81990
83848
82111
82870
80155
81617
81677
81907
80355
81391
82965
82282
122464
78941
60613
86838
79583
83229
79416
80666
77593
79103
79001
79830
76613
78384
77934
79417
78823
78969
114554
58538
61303
85797
81721
84616
78859
83578
80340
82871
77213
81097
79747
80966
79854
80881
115861
78334
