109000
57364
82828
78156
80469
77842
81424
77202
78423
77090
78505
77782
77696
77702
78317
78411
107096
77281
58360
81966
81154
80440
82093
80068
80960
78535
82989
78535
82070
77980
81382
79260
77808
80078
111148
57929
81249
83589
82266
81978
79838
80829
82011
80609
81753
80767
83254
79904
86611
90384
120938
86975
54452
92399
88936
89228
86296
88172
87909
88515
87791
88104
87988
88932
77732
81997
83828
82852
126638
61125
83204
86502
80668
84821
81740
83814
80898
82280
81339
82404
81476
81000
81939
80796
127701
78640
58139
83794
80380
83405
81139
83966
79350
83870
79539
83407
83415
80297
82246
80757
81449
81432
114375
57398
82380
83063
83804
82874
82247
83297
82270
84026
92889
89000
92683
88654
91003
88690
124581
87012
55431
93422
93837
90817
91453
90786
90398
89830
79493
79394
80456
79819
80215
79621
83720
80297
131522
55059
88387
82428
84226
81802
83962
68153
69457
69970
68087
69542
66786
69166
67334
70183
136822
78806
58525
84289
85589
83541
85464
69249
81161
84099
80491
82473
79818
81363
81095
81443
83213
81212
120069
58176
84583
83654
83924
82610
83039
85908
82632
86417
80844
85632
81796
85138
81625
84429
122048
81692
57673
85479
83995
84346
81389
80945
80404
81487
79255
82264
80218
83337
79563
83791
78945
83881
118499
61001
81351
83970
82489
80912
81277
80110
79605
79724
81109
80449
79269
81470
80556
82771
119917
81741
57629
87011
84628
78570
81181
77014
78187
76580
77932
77326
76426
76873
77858
77028
77672
78049
113378
59793
62974
77756
80422
77001
79880
75972
81235
75878
78659
75781
78440
75653
77589
77708
114030
75491
