140391
52803
97102
92802
97247
97641
96773
95137
77163
77930
76461
75537
78266
76624
81739
76078
142607
86147
46530
78751
76924
77651
76655
75147
75112
75195
74806
73924
73327
75040
73652
75960
115616
115211
160447
54325
116883
118811
116859
116588
88976
96690
86161
88541
88020
88648
87147
88496
74973
72584
141647
85429
47956
94346
79651
76573
76560
80187
74490
80730
72823
82308
72017
80924
87570
86811
91741
84450
135582
56050
91771
88550
90243
88790
88747
87018
88266
74385
73612
76739
87611
79463
85743
69380
138360
83538
50955
88128
90678
88534
88592
74895
74840
73780
73488
73293
95864
95191
98217
91859
100255
96829
139416
53750
102297
98028
99970
94304
98011
77876
78628
78391
87768
73215
72772
70997
73736
74422
132452
85740
49398
91345
92674
77632
82113
74322
81496
72852
89741
91845
91808
88240
92562
92796
94779
75221
134450
54201
94558
91796
93607
79370
75533
76162
74069
79515
73220
78455
73330
82671
73352
80587
136625
74250
47498
80728
79504
77525
75525
76189
103058
103278
104688
99590
104706
84013
83126
85545
86850
87761
151467
49544
105379
102797
80239
84166
75070
75367
76326
73334
76405
75752
77532
75241
77763
75464
146210
92131
46964
94537
77767
84504
96442
93075
96430
89839
95890
95075
78669
75962
77470
74965
89573
73229
147832
54081
95295
96719
82573
83978
87145
79362
90745
81868
92750
80248
90515
79311
88855
80401
159654
101202
47132
94399
94403
94558
94702
90868
95748
95237
96580
93838
81914
78181
84660
74176
89769
74349
162193
51399
58251
91537
91929
88112
92490
92450
93722
75781
75499
75910
75046
73577
75483
74889
160124
88721
