141058
52487
96722
91825
96811
96199
97030
94522
78916
76160
77672
74591
76500
75865
76031
78697
144937
83945
51868
73400
88244
74465
82882
72696
76004
74099
74766
73008
74384
74209
74134
75079
114485
112057
158620
51734
116941
115234
117214
112709
102911
87342
97479
84279
93943
85218
87268
87236
81634
74046
141005
85505
47273
94824
85957
76883
75574
76114
77702
74492
81038
74860
81445
73469
85498
87994
90023
84598
134906
56110
91411
88857
90120
89298
88694
86271
88282
89379
72757
74122
84728
87637
86654
81145
135662
85431
48406
89026
89051
88284
87370
85622
86901
76147
72723
74188
93945
94970
95865
92269
97581
97460
135685
57029
98917
100283
96596
96328
95554
90051
75470
79784
86980
78172
74640
70157
75585
73456
131488
85611
48459
91019
91474
88998
83128
81616
74001
82054
92664
90321
93764
87277
93053
91845
94842
74444
134705
53719
95215
91492
93193
94469
76723
75043
75053
74288
80341
70538
82717
72710
84290
72228
138729
75995
48016
77374
85840
76849
76163
75232
103094
103119
103965
99568
104605
83411
84089
80868
109051
78198
154256
43813
108131
105338
89695
80429
74626
75959
75402
74142
75569
76402
76090
75745
76060
76354
145961
90344
49350
84654
83502
76705
91587
95137
93052
91058
92806
94712
95605
76531
76397
75440
81177
73814
146492
54061
94115
94407
84437
83609
83851
84557
82246
90806
81810
89456
80403
88271
80625
83215
158085
100981
46442
104009
94480
94381
95370
90781
94726
95460
95917
94139
80497
81546
77613
81306
78499
83418
158519
53912
58976
91766
92711
88144
92960
93049
78856
74015
76832
73882
76290
72570
76194
75337
157228
90300
