143482
52182
100396
93252
100475
97462
100175
93902
85219
74944
78495
76135
77403
76555
76384
77668
143280
72695
47828
74441
89675
78246
78481
75664
81040
74505
82843
73109
82164
72689
79128
73266
116140
114269
161501
51706
117838
118378
117538
104845
90230
90960
89041
88269
90288
88969
92604
87519
72927
80894
142031
86807
46623
87216
77521
75975
75222
75902
74726
74061
74190
75179
73414
75524
87139
88594
90987
86926
134895
59698
90668
91532
90046
91123
88293
87772
77390
74221
72307
73767
87640
71826
75495
70191
138150
85649
48782
89665
91270
91082
75773
78909
73192
81051
71421
80110
96265
94720
97336
92000
99107
97090
138250
53530
100502
98214
98034
90938
80011
77934
77901
79773
78850
70944
79967
69197
81292
70612
135370
84939
48454
85629
76849
72654
74672
73753
73864
73263
92073
90659
93183
88127
94419
92236
97646
73424
136848
53640
96509
90669
95019
75260
77048
75866
72612
73883
73677
71885
73441
74951
75691
74804
138522
74520
49900
77394
84027
75632
82457
74244
102886
104005
103817
99703
104736
82803
82172
80831
91994
79566
151987
44996
105395
85895
82579
82548
75782
80269
74759
80100
74462
84671
75086
81744
75099
79118
146244
91423
47515
79492
78144
78023
95094
95162
96003
91922
96174
97613
79267
80606
77542
83492
82346
82192
148755
55181
95957
84799
84001
83140
84322
80044
84218
83641
84946
82494
84824
82601
86266
82896
161315
104138
46663
107522
96996
93793
96728
90098
97241
95069
96404
93515
80985
77650
78907
74536
92567
75747
162507
52708
59355
91074
93293
87488
94355
91260
94169
74742
82978
73536
80017
71055
76002
73989
160568
89570
