141966
52745
99219
92900
99765
97122
99907
95117
86538
74714
83253
73294
77488
76019
75809
76925
142780
72738
47170
74291
84297
78058
76110
75662
76676
75319
80351
72705
81595
73125
81044
73686
114659
114623
160756
51518
117549
117761
117661
112183
90285
89940
88421
87925
88097
88732
88234
88555
73754
80217
140889
87368
46359
92876
75330
79116
75046
75631
75144
74516
74151
74862
73326
75311
86787
87335
91076
85303
134458
58497
90854
91709
89787
91664
88444
87884
81258
78738
71674
73319
86339
73909
75271
70592
137342
85388
49078
88883
90637
89671
77953
74913
74251
79825
71889
80906
96874
94399
97986
91763
99152
96950
138185
53576
100137
98352
98413
96501
80858
77919
78492
77857
88488
72777
78977
69097
82218
71533
135710
83792
50449
90837
82997
73713
74985
74042
73817
73775
90720
90905
91947
87776
93231
92344
96074
74960
137540
53487
96936
91387
95478
75889
82273
72925
72913
74200
73968
71740
74109
74520
75588
74947
137231
75009
48698
76985
87738
77207
79393
75078
102879
104753
103232
100500
103999
86586
82111
80804
89858
79570
152102
44727
105421
86580
82536
83170
75399
76147
76640
76826
75451
83611
75682
83733
75968
82894
145579
92338
46810
79878
78402
78099
95203
94833
96115
91427
95891
97005
79635
76295
78005
78660
83160
80876
148118
56016
96125
87413
89030
80900
83683
80312
83941
83773
84707
82277
84620
82280
85769
81584
160597
102976
46905
106604
96401
94005
97704
90431
97838
94483
97108
93668
80901
77253
79165
75088
89289
75573
161743
52096
58878
91202
92245
87491
93277
91796
94192
74968
83085
74305
82772
71232
81619
72028
160439
89207
