141309
52824
98037
92876
98734
96886
99792
95218
86563
76063
84330
73724
81657
74637
76425
76728
142675
75207
47526
73673
82142
78132
76572
75681
74912
75185
76765
73267
79792
73575
80972
74279
114801
115208
159774
51828
117170
117805
117190
113318
90452
89837
88248
87918
87644
89327
87135
88962
75757
78455
141910
87798
47087
96790
76420
81553
73159
77922
75175
73967
74525
75168
73873
75168
87169
87617
91135
85075
135070
57789
91963
91359
89994
91751
88679
88776
85698
80946
71030
77099
85766
76365
75828
70748
137116
84274
48664
88243
90319
88843
88597
74087
75556
76274
73141
80055
97594
94391
99039
91397
100005
96648
137434
53564
101065
98120
98188
95269
81097
78886
78794
77699
87673
73506
75528
70769
81166
72329
135936
84734
52308
91198
94118
72254
76052
74849
74471
74343
90604
91459
92421
88386
92841
92573
95567
75227
136125
53601
97394
91602
95879
79574
84054
73908
70805
75583
74250
72117
74876
75265
76254
74836
137997
74964
48176
78944
88316
77699
76936
76553
102999
105727
103707
101385
104006
89112
79548
82765
85245
79849
151893
44056
105782
89117
82657
83631
75775
74918
76167
74450
76501
80633
76599
82888
75929
84915
145778
92814
46400
83967
77735
78377
95036
94450
96217
91099
96472
97016
79455
75766
77766
75547
83653
77414
147980
56924
95775
92589
89877
80776
88619
78779
83686
83325
84461
82220
83361
81848
85523
81479
160253
102092
47256
105329
96316
94547
97823
90443
98278
94926
97549
94060
85383
75910
79067
74682
87651
75634
161490
52545
58830
91366
92442
87830
92501
92754
93786
76442
81765
74421
82699
71616
82460
72922
160336
88498
