139238
55286
95610
93736
95092
97845
94964
95831
85347
83055
73543
77407
75702
76448
74748
76568
141378
86424
47786
75880
81901
75879
77437
75157
75595
78271
73969
79355
72976
82225
72121
80920
115325
112753
158417
51619
117100
116790
117159
114318
117763
89602
90754
86958
89023
89216
87351
92655
92083
73965
142424
84364
51323
95546
91683
75138
76926
76006
76020
74018
75320
74961
75034
75169
87580
87016
91827
84562
136840
55279
94663
88014
92601
88000
90821
85407
89586
87985
87114
80986
84048
84968
87392
84619
135472
83606
56816
87697
89595
87342
89187
85044
89530
86105
87890
85863
92318
94818
94368
90909
96441
95687
134316
54245
98736
97031
96421
93321
95431
96283
78110
78865
86678
90268
74741
78590
73553
82435
130842
87536
46797
92059
91165
88797
89887
89202
74348
75623
90217
91343
91934
88333
92305
93087
94132
80347
133632
56556
94517
93731
92862
95100
74000
78073
73638
74087
75020
71327
74636
74022
76537
73669
136818
89607
48084
92000
88344
82082
74818
83110
104467
102108
105196
98740
105046
102830
83723
80777
101902
79173
152051
51908
105406
104852
84622
82367
76214
76242
81261
72612
83776
75081
86091
74203
84124
73685
145982
89760
47796
85883
78956
77835
91652
92425
92652
88535
92938
92657
94111
78806
80325
74383
96970
72089
147975
53538
94247
92662
102290
89293
83760
80251
82837
83994
82896
83083
81448
83102
82417
81424
158326
101379
49844
103126
92915
96391
93446
91541
93394
95118
94842
93399
83054
77270
77299
74673
78571
76138
158626
52918
58585
92517
92447
89229
81608
83286
76725
82204
74148
80383
72804
76153
73438
74663
157909
89698
