142115
54507
98049
95366
97716
100333
97410
98159
77752
84505
75061
80479
75566
76959
76385
78335
143055
72052
47513
74480
80757
76898
77617
75793
75901
78187
75269
79989
73824
82678
73106
82254
117501
113314
162135
51405
118505
117351
118196
102839
91370
89089
90456
86786
89062
87794
87652
90460
79666
71877
144997
84831
51464
77589
84418
73000
77519
74907
75644
73747
75259
74563
73964
74792
87908
86896
92100
84204
136894
55748
94045
88401
92857
88507
91172
86554
81128
70611
76026
72523
86335
72821
74714
71022
137517
84413
48871
89212
90874
87875
74706
73169
76563
73612
79069
72532
94194
97145
95814
93262
98418
97047
138048
53904
100169
99096
97887
92328
79042
79571
76881
78565
72954
74074
73013
75718
73260
81265
133282
87238
47185
92581
84343
74281
74384
74697
73429
74390
91062
91270
92325
88258
92690
92419
95202
75963
134715
56941
94045
93968
92528
85112
73889
81757
74739
73458
74428
71611
74727
74124
76490
73572
137821
78163
47756
80123
78797
76993
75985
79814
105604
102645
106386
98930
105995
80107
86795
79976
100080
79147
152670
44990
106029
87009
83513
81656
74487
76275
75662
73579
79722
76349
84405
74421
86146
74586
148279
90776
49089
77936
79292
77553
95361
95665
95986
91958
96492
91900
77830
77174
77186
76663
100073
74213
151348
52679
98828
80073
81531
88896
80498
80582
82974
84037
83517
83102
82872
82861
84095
82591
160471
102230
47475
89344
95107
96998
95109
93187
95047
97533
95171
95228
92365
79641
78642
75496
82115
76427
161876
51963
58993
91012
91771
87588
92132
92702
90127
79291
76635
81694
74358
79890
74126
79656
159040
90476
