142751
52091
98130
93053
98575
97609
98225
96697
79107
77222
77854
75302
77085
76089
76347
78748
144796
71570
51477
73016
90622
75618
83457
72813
79188
74175
75268
73496
75106
74356
74282
74963
116467
113671
161638
51550
118389
117306
118642
100626
99323
88190
98517
85529
96292
85506
92108
86778
73272
73307
142154
85099
47571
84062
78031
75923
74638
75774
74487
73917
76721
74915
79867
73986
85941
89036
90238
85741
134621
56029
91458
88946
90122
89388
89201
86907
77497
74553
72029
73886
80595
73250
75858
76268
137090
87446
48070
91342
90385
90755
81736
74605
73482
74090
72822
74261
94977
95188
96731
92128
98977
97243
138226
55580
99661
100762
97576
97230
78558
87186
75959
84727
75905
71820
72957
70013
74041
72774
133941
85916
48187
91577
78001
72655
75158
73689
73595
76659
93927
90552
94875
88038
95058
91917
96360
73161
134908
54134
94934
91647
94817
76253
76221
75269
71804
74207
73445
71963
76940
75180
83141
73435
140981
74355
51719
74709
84093
74408
76557
75791
102718
103614
104111
99384
104739
83681
81853
81078
105383
79825
153115
44102
107452
85452
90859
80966
72805
81486
73090
74778
75754
76882
76410
76021
77266
76850
146201
91642
47502
79584
78205
78279
95020
97724
95857
93891
96081
98408
76623
82450
74899
78410
81392
74426
148746
53474
96448
80490
83633
81861
84014
79693
84076
83819
84116
86694
83045
90200
83502
89393
159856
103393
46365
98707
94595
94411
95753
90769
96166
95541
96106
93593
82130
77039
79903
75748
83831
79643
161045
54820
60888
90694
93601
86811
93663
91873
91813
75140
77006
74762
75821
72604
76243
74199
159539
88642
