137229
60035
91651
92510
91589
93715
91692
90897
91123
91446
90810
88996
90167
91034
89424
91139
137680
87704
57974
90362
90052
92349
89909
91003
88431
90751
87451
88190
87882
89271
87252
89194
101555
101518
145555
55282
105382
105266
105553
103602
104224
104957
103254
103119
102491
105435
100833
104629
91011
90463
137646
86684
57835
92128
93787
91113
92059
90839
91715
88991
90386
91511
89346
91602
89250
86591
91962
85842
137192
56792
92897
86570
89809
87162
87956
85674
87669
87618
86493
86941
82402
83242
85793
84006
134319
82618
61193
84637
89827
84600
88745
83342
87806
84929
85189
83874
94245
95487
95828
94198
96349
96739
133541
55620
98694
96368
97538
93708
97148
95858
96209
94316
85407
89848
87281
87753
87517
90154
127820
84859
56477
90866
91283
88405
90053
89592
87746
88182
90157
92884
91513
91997
91472
94641
92520
93269
133409
56278
94583
92395
93352
93584
90897
92374
89714
89645
90996
88310
90519
77605
78633
75305
135768
89312
55732
93477
92087
94927
89779
92600
102796
101989
103431
100963
103062
103073
103808
101744
104543
102430
150878
53382
105104
105874
102583
105052
95467
91849
96017
90576
94723
92543
95176
91711
94483
93357
143242
88756
55296
95998
94011
94047
90068
89103
90801
87310
91465
89490
92967
87769
92616
88054
92456
87010
142239
55887
90595
90753
101506
101923
101666
99583
101087
101728
101869
99842
101862
100112
101938
98939
155417
99506
57457
101206
92045
95096
92592
92260
93037
92877
92966
92009
92429
91497
91839
89722
91190
91980
155942
54357
58519
92866
90425
91127
89685
92566
89708
90454
88965
89784
88838
87744
89634
90725
154939
87929
