114326
59326
74115
77729
71867
77685
69844
79901
69822
77480
71030
66313
71036
75913
72178
77959
118191
67414
58419
77789
75501
77702
74616
78395
74362
78830
66851
79824
73615
69371
73871
82286
81227
75672
102007
59671
80426
77041
78070
78435
77146
78886
76957
77821
76362
78487
76525
80716
86010
80029
119792
78423
45829
72582
88547
72783
85799
79880
85517
80970
83594
73950
82226
83810
79580
79042
81131
79463
123476
58275
83738
70584
85834
76063
83500
76750
84201
69032
82382
77993
80579
82771
81286
82920
125516
80578
57423
82560
73566
81409
84349
79272
75414
78316
87001
78244
74631
83254
74502
81486
67840
81145
117711
58455
77958
77941
69036
77692
79299
76497
79261
77177
79103
84588
79004
87010
77932
86056
120603
85687
45639
86008
79927
82987
80650
81903
72358
82317
77041
79319
69496
80276
76875
80469
75010
82157
114131
47780
74992
81117
68363
81705
75009
81911
79069
76998
78619
77701
77018
69124
77486
79413
115450
78317
57923
79560
68302
80497
74341
84227
85675
78753
88676
77657
73913
78285
83392
80201
72491
82622
114882
56856
83761
83836
80061
83692
68241
74510
69452
74017
81689
66557
80629
74279
81616
74976
105221
73874
59632
76902
77848
68400
82962
81452
83618
80310
73359
71786
74068
78235
86106
77068
90118
77393
117644
57214
89617
78527
77613
74378
80042
82247
80631
80356
80710
81044
81951
71695
83851
79972
116227
77197
57457
77608
71932
79521
64640
80203
71232
77778
63889
77721
73229
75699
74960
74200
75111
74989
115790
58565
56698
73509
77589
84521
69527
86825
74632
84495
75484
74786
76094
83537
77982
83468
120604
80118
