154549
58081
79219
77542
77332
76668
77941
76401
77369
76168
78316
75426
78385
76132
77753
77399
154853
77229
58774
79847
77788
78270
78168
77945
77437
77733
78665
77529
78748
77305
79180
79097
78564
84994
113057
61399
82554
84407
82348
84098
82241
83270
83018
81510
82888
81122
81273
81289
81591
88195
117597
86473
57883
89960
85216
88961
84633
86905
84870
86339
84838
84387
83492
85647
76685
81382
81426
82308
123972
58004
82530
83255
80540
81531
80024
80983
78803
80015
77918
80404
77207
80074
81074
80715
124385
77694
55284
81865
79393
79210
78822
78606
78786
78156
77394
79843
72082
74587
76049
73748
75306
73428
116099
55244
77035
74603
74914
72751
73644
72763
73093
73532
73133
75935
76622
76163
76486
76434
118607
73718
53933
76939
77813
75398
76768
74580
75837
76018
69371
73702
73299
72834
72282
71684
72000
72980
113664
53185
75190
71950
73973
71101
72434
71697
67564
71795
70120
72107
69895
71254
70252
72797
112178
69022
53882
72080
71968
70371
70393
70885
69639
74180
72487
74067
70696
73320
70634
73199
70743
74220
107390
51378
74751
73295
71847
72445
66157
69942
69117
69954
68823
69558
68937
69879
68300
70713
104272
69303
52969
71304
69490
71171
70864
72577
73604
72077
71266
71097
71204
71733
70523
72355
71465
72338
103644
51088
74432
75211
71250
71431
74662
71284
72712
70948
72671
71392
72074
70835
72723
71837
104308
70763
50682
75898
67282
67651
67915
66132
66596
64430
67031
64995
66777
64765
67102
64594
67892
65243
111051
51782
47092
83563
82440
80879
80013
79603
79422
78775
79450
78475
80268
78032
81050
78097
126364
77348
