131607
56494
71196
81207
69991
77290
70047
77103
71075
73550
73182
72048
74196
72199
73749
73482
134823
75376
56598
80211
70953
82052
69191
79360
70109
80411
70465
77662
71985
76283
73413
76708
75059
79318
107757
58770
76925
80539
75884
81091
73728
81225
73340
82868
72923
80546
74298
82329
83972
81390
117624
80215
57422
83715
82061
83495
80397
83913
79646
83507
80474
83890
79394
86203
79953
74313
84830
77862
125128
57168
85230
77707
82034
77424
79994
78855
78979
78397
77390
80246
80755
81106
83907
81577
126922
77583
57381
78148
87999
78213
85519
77088
86806
78593
82822
79616
75326
78037
77828
77433
77811
77276
120256
57362
80514
75666
80401
74166
83456
72496
81117
74174
76155
86395
78973
85315
79309
84286
123023
80951
56955
82552
82415
81137
82573
79724
81546
80912
75025
83449
74194
85759
74866
82575
74453
85349
116162
57614
77001
81140
78948
78255
78125
78856
77591
81471
79562
81734
78280
82302
77114
85457
117649
86073
55970
84608
77189
84553
76273
84133
80979
80474
81771
81444
79478
81005
79587
82696
78934
83892
120938
55831
81271
86350
77057
90049
76378
73492
81854
72627
78503
73137
77738
75375
76088
77273
117075
76217
57943
78393
74913
78210
82394
79294
87224
76763
88708
75358
86188
77183
88481
76771
86041
78661
116910
55751
83455
84343
84385
85506
88073
84631
86507
83714
89008
82617
90257
80637
94178
79970
123663
81215
55757
83050
70594
78337
72652
74660
72959
73136
73760
72670
73942
72026
74925
71592
75714
71709
126605
57651
53406
98152
85089
96864
82262
94128
83746
92542
84910
88472
86927
86597
88566
86284
140922
85710
