123401
45679
65492
72832
75104
62745
78230
69400
77844
70395
77772
69245
78175
70767
76277
72579
125930
73627
57807
78074
76285
75046
77013
74490
76520
73623
78958
72401
79669
71111
79782
66786
73779
82056
105305
58771
76471
78940
76536
77021
67665
77311
78390
76083
78589
66814
78793
75474
78926
88167
110186
88107
56568
87789
78283
76253
78208
85306
80228
73810
81555
81472
81558
73647
76755
80917
70906
81171
120243
57086
78815
84367
74924
72803
69254
81810
76404
82176
76026
71581
82109
81265
82475
82860
116792
80369
57070
84270
81179
83364
80668
82828
79166
83347
78122
75706
79240
74854
71283
74652
80637
75431
119772
57904
69211
69550
78059
77461
77260
78018
76168
78855
81030
80502
84451
78956
84941
78720
124719
71733
58074
79515
75213
79015
73639
79669
81559
80871
67489
78716
78512
68366
78000
76504
79611
76603
119326
58046
85044
73775
81709
75066
81307
68356
66895
80464
68530
78342
67622
77514
77149
77838
117135
67517
58732
78382
80466
75576
79738
74726
75854
86529
78283
86610
76581
85120
71016
84032
71386
83372
114580
46108
84882
80975
82234
80551
74051
78718
67242
69430
73478
81396
72617
81779
73490
82181
108239
68947
58029
80216
76197
68369
80966
82337
81185
82349
71646
73240
71709
83231
70852
84907
78026
74823
104764
56653
71851
89528
82864
78290
83872
71523
80962
79253
79983
80754
79202
81139
71292
82026
111854
80679
56971
87048
78122
63827
79312
71749
77795
70030
77669
71347
76909
72721
66152
73803
75008
74557
106754
58438
55135
86119
87209
74631
86553
79991
88866
77697
89718
79106
87939
73194
89836
80934
126785
74106
