159753
58277
78486
79464
77549
77749
77153
78372
76785
78038
77298
77905
77799
77575
77798
78837
161776
76094
59468
79723
77806
78509
77463
78706
77626
78749
77994
78564
77892
78104
77779
79640
80057
84450
113582
62201
83949
84184
83039
84307
82457
83720
83278
83697
83332
83364
82928
84946
85541
91037
122511
89629
60825
90737
90660
90622
89965
90011
89870
89820
90526
90051
89587
91057
82077
86391
87250
87851
128986
61661
87630
87123
86657
86755
86764
85953
87053
85861
86299
87239
84333
89317
90162
90592
132496
87775
61836
90386
89226
88846
89536
88252
90243
87983
89246
89513
79296
85119
84900
84851
83554
84827
124645
61763
85107
84482
85025
83683
84825
83696
84282
84623
83946
90437
89910
90446
88811
90673
130028
89592
61460
90461
89867
89541
90387
88843
89040
90309
81249
86504
86114
87001
85387
86308
85243
87919
125388
61396
86714
86592
86318
86122
85551
87331
81663
86501
86369
86708
85684
86150
86119
87372
126054
85273
61422
86569
86812
86616
85384
87319
83993
88951
89292
88883
88215
88171
88453
89144
88403
89655
125962
60900
90557
89317
88413
89987
78259
82507
83308
82798
82783
81953
82891
82415
82589
83724
120620
81507
62191
83654
83332
84306
85298
90822
91113
90486
90163
89682
90101
90261
90399
89317
90885
90057
123269
61127
91341
91950
85874
91547
91669
91916
90605
90760
90733
90900
90544
91127
91826
91192
124408
89008
61278
92965
75377
80447
79606
80668
78730
79549
78621
79607
78965
79227
79188
79032
79829
80052
124178
61416
55851
126684
125291
125357
122584
123956
122807
124135
122792
123495
123354
122851
124254
123756
168042
124650
