189670
54419
84715
81548
82488
76371
81530
78749
81858
80102
81738
80848
78632
82286
82474
83442
193543
78584
58583
85011
88091
84227
86554
80589
85785
82093
84883
77630
81159
79155
84514
85028
88362
95235
143841
58082
96759
95839
95983
89979
95865
91405
96106
91225
85993
86558
93772
92723
87506
90172
143529
93646
57064
97248
93906
91485
94739
93602
94758
93241
91344
93495
94626
93923
78790
88999
90053
93119
146020
57839
86065
83680
91385
92198
91474
87319
87194
86426
90559
92653
88137
96791
94949
102195
150894
96913
55967
99586
99850
101418
93477
100673
94342
100141
98181
96803
102729
115386
115723
109273
109571
110015
177284
54218
115972
111178
109027
116321
108351
117259
111489
118160
89326
88368
94900
94059
95640
94749
159705
90098
55904
95718
96174
96299
86212
96588
93779
98369
96728
95618
103149
98947
101773
94348
100225
91254
155576
55448
95941
99964
96492
95526
99708
101408
85762
90850
96270
94334
96309
94441
96143
91333
157445
91108
58817
94279
93176
89860
94205
96045
91666
99268
97099
97375
96378
97172
96279
93236
97418
96195
158054
55669
96502
98095
99404
92859
113670
118993
115865
121556
115168
121400
118791
116427
119419
120167
177595
114674
45240
122556
119880
123556
84681
92602
89025
91955
87994
91913
81351
87249
87564
88972
88300
89973
184210
48004
83632
94575
94925
100440
99394
98658
92656
99816
97540
96061
96984
93301
98102
91338
190332
97711
40179
98133
76469
82393
87467
85484
86224
79166
84822
82028
84460
83947
84903
85309
81724
87709
155678
53875
47786
122952
118402
120519
121817
120663
120470
95717
98820
96973
98543
93096
94954
96747
189536
115854
