175087
47959
86436
84355
85861
78945
78544
82614
84997
77110
84489
79651
82241
86471
82901
87769
177649
79288
58273
86563
90119
80429
87405
84526
82018
84489
87677
85220
79804
86388
79854
86722
90810
88943
147386
57427
97099
88969
96469
91103
96488
90544
90184
90854
86694
92393
91259
92877
88705
95991
146125
93768
49646
96820
95075
93275
95646
93323
91679
93023
94291
87943
90414
88767
85365
92982
90890
92690
144553
57559
91500
92099
91642
85853
91262
91872
89820
93282
91186
86844
96449
103652
100149
98614
156962
102301
56505
101503
100210
96392
100118
100684
96697
101874
97261
101761
99147
98620
103290
102510
102086
103782
168109
57816
97975
105575
102504
105177
98619
105280
98838
105011
89556
93466
95155
90194
90472
94954
162609
92159
56126
96564
96594
92015
87726
98309
93326
99667
94795
100889
103654
99691
102289
99770
100666
98827
161752
55687
104054
101558
99631
102329
99637
97938
91393
94196
96043
94161
92528
92853
91284
92358
157439
85643
57842
93911
86111
94723
93218
94548
92977
99196
97526
97829
97964
98172
97468
95636
98672
96161
154660
56045
99217
92625
93095
93155
105557
113684
105865
111482
109890
112378
108515
109232
109141
105536
165176
108881
55307
114157
110901
112863
83645
86382
86984
90790
86490
90303
80976
87462
81158
87214
81609
88981
170653
55776
87625
91717
99876
105288
104002
104482
103018
104838
100746
98765
101070
103932
100823
104156
180788
103846
53030
107456
86141
82067
83239
87007
88082
87362
81225
86390
86706
86845
81652
88094
84769
90773
157792
60494
55636
116116
118093
109622
115635
114768
113961
111987
114882
112165
110168
113055
111412
115859
189796
115416
