232558
42742
72624
77604
71579
69678
66502
65645
68471
66605
65277
67458
67969
66743
70742
66465
237751
76610
52907
74191
72897
74814
78820
76322
73125
71090
68516
69507
65585
64623
70659
69880
83163
97484
142556
59146
94187
97248
87361
84789
87293
93469
92267
92595
88146
93706
92247
94521
82376
96930
143800
95582
49125
92531
87058
92745
92507
95137
92569
94171
82392
87737
91739
95192
79724
86507
92053
91024
142653
59267
92515
89893
92019
93266
85155
93906
86447
93970
83801
95073
88380
94338
101042
99396
151604
93537
56528
89346
101329
98907
100053
98712
94587
100313
98008
101657
105147
120647
118310
118396
121477
119021
182710
44853
121745
113776
121072
118147
113772
119244
113375
120455
78391
89549
94815
94337
90736
89947
161641
88797
59116
94579
93089
93658
91967
94726
94355
90060
86558
101359
99478
100182
98967
100420
98729
95678
155705
55894
102720
100056
97686
100000
101242
100466
82313
97641
94905
90456
94872
90218
93929
92168
154802
88103
56649
90174
91742
96723
95633
97163
81123
103219
99317
102200
98624
102078
97000
96388
97951
100066
158098
55724
95720
101771
98186
102537
107927
125113
124927
123607
123135
124455
121843
114130
117467
119362
180578
122966
50303
127369
121286
127510
72313
90626
91242
89062
90307
88958
89334
85439
88883
82894
84394
89497
188407
50330
82926
96639
82252
99472
102542
97459
100114
97853
98636
82036
85139
75530
76215
79954
195746
95710
44226
96396
78838
89978
90310
81288
89325
86443
89417
82993
89131
85142
88132
80147
77519
87286
158675
49928
45008
168639
161956
131183
125103
129809
122396
118101
122270
122846
129063
121772
125492
122669
228211
128981
