175598
47852
81647
83822
86817
84929
84306
82842
84952
82719
78827
83531
82969
84606
83386
80977
179658
81133
59333
81451
90847
80443
89547
83989
88994
84204
88362
85456
84862
86182
86423
86330
88940
90417
145601
58156
96437
95322
94886
86291
95307
91411
96398
91166
87816
91861
94303
86511
83969
96294
145488
87480
57818
97809
93201
93689
87904
93501
94409
93151
92716
94614
93576
88893
85830
94847
90238
95128
147244
59546
90911
92213
91582
86714
91223
86225
89010
87907
89545
93597
96449
102476
101237
97989
157277
101993
56344
102916
100258
103050
99131
102579
96035
102434
97447
101633
99303
102318
103762
101237
103368
102720
167922
55665
104690
103993
103328
104386
99665
106360
99083
99920
90952
92312
95977
93574
95385
94432
162686
87326
56691
95043
97688
90345
87592
91708
94036
97396
99329
101448
104235
100028
98780
99310
102879
98351
162753
47709
104627
101016
99461
101075
94608
101835
89370
94843
94751
94176
94993
93878
95200
92637
157954
90909
60731
94698
95626
94146
88787
93699
92398
99802
97155
98806
92609
98550
96039
91579
97202
96683
154445
56722
97699
100068
98781
98265
105800
115388
110167
112934
109017
107945
103198
109237
109105
110714
167827
104832
53669
114726
109363
113180
84854
90188
87917
90153
87351
90904
86429
89128
86387
88933
86325
89951
169875
56451
87070
91863
100752
103402
105311
97766
103078
102860
101361
96820
96892
102494
97794
104963
183845
104550
52369
109327
87704
87573
89460
86854
88321
81920
87266
79950
87753
85081
80734
81987
85035
88859
162904
59277
56340
111723
118711
114469
117094
113749
115132
111495
114990
111602
115086
112524
111953
114673
185778
113786
