172580
55535
88655
84726
88072
83954
87025
81973
86455
81667
85587
83206
76440
84340
77590
84429
176486
86682
56315
81439
88301
88317
88236
85554
88050
85311
84243
80217
86464
81251
88007
86237
88308
94997
143766
58186
87747
95897
86198
92335
92059
91878
93184
92317
91113
87521
93315
93040
88374
98483
144122
95326
48686
98712
92336
93628
92766
93178
92437
94043
89692
94343
91004
94586
86689
92457
87564
93656
147546
62008
91692
94351
85123
93869
90474
93069
87441
88285
89247
92703
91703
100197
96909
100688
157093
95178
57378
100344
101252
100886
100320
102154
96884
103629
97179
98663
100377
101475
104556
100896
102924
96645
167811
54186
105115
101384
103863
101702
99167
97914
99944
103740
91540
90138
97186
93191
97233
93884
162880
91104
56824
94353
97626
94448
92882
90783
94239
94666
96803
102043
101673
100708
101723
100455
101383
98880
163641
54932
105457
100133
94621
101167
100657
101073
89250
95880
93413
89180
89187
94798
92801
93185
155038
87415
58823
95904
94008
89944
95732
94307
92230
100963
96412
98943
95469
98334
90738
95862
95605
97128
154944
49208
94944
99954
96529
99722
108279
115115
113397
115087
111784
114962
110044
112500
110249
113133
169299
112341
53031
116184
110135
115541
84527
81622
88584
87458
81097
88457
86566
86923
81420
88454
86875
90375
171326
58903
85774
92123
100318
103065
103848
101224
97491
101276
101296
98689
102034
99122
95273
101144
184976
101771
52495
106944
88873
88436
85169
82275
90536
80922
88148
85344
82899
86136
87526
85604
79206
81647
161649
57066
55232
117349
116667
115154
115406
109164
115341
111206
115712
110924
115916
112022
111502
114132
187633
113098
