174097
56004
89882
84390
88503
83641
85896
82893
85804
82481
84738
83894
82623
84049
83507
84486
177850
86071
57736
87980
89200
82097
88957
84980
89617
84400
89833
84727
86140
85810
86309
86233
88972
95981
144369
57923
94037
96299
93144
92496
94665
85704
94624
92592
92869
92633
94741
87681
87941
97466
144476
94527
56746
97173
86146
93635
87380
93571
92655
93695
90483
89542
87283
94379
81576
94402
91862
95104
147389
61235
85315
94088
90741
92855
90771
92078
88395
93463
89271
87250
97397
100984
101077
96199
156985
100764
56639
101721
100837
103645
99827
103337
95569
97267
97037
102765
99859
102000
103708
100958
103216
101779
168467
47687
97098
103003
103625
103052
93619
104214
99723
105290
91948
92429
96909
93125
96376
93475
158635
91785
56272
94486
97846
94573
93150
94890
87893
96206
98288
101822
103345
101055
103324
99396
97222
93815
158957
54739
98320
99796
99673
101347
99688
101260
89326
95107
92987
94218
94187
94426
89502
93395
156790
91164
60687
88171
95967
94266
95829
94113
92373
99724
96822
97986
96429
98359
90175
95936
96026
97214
156267
56674
96962
94636
97903
92915
102021
116270
111153
114326
110331
114134
108797
110746
109789
111664
169340
110982
53606
115693
109265
115158
84044
89206
88492
89107
87315
89981
85801
89131
86282
83761
86650
89984
171090
57439
86363
91124
93840
96777
104721
102042
103174
101722
100644
99861
100732
96749
101279
102718
184579
103535
52696
108192
88234
82276
84150
86514
88166
87143
87025
85050
87512
85332
87786
86446
85061
88535
161603
59030
47901
111293
118089
114167
112014
108768
110222
106316
115333
110812
109398
107920
111178
114188
188260
113420
