163573
51408
86242
87872
84730
86205
84203
83183
84795
78799
79082
78826
81689
80014
85602
85527
172165
84218
56442
86176
87335
91526
86113
88017
79652
88036
85633
87142
83759
87925
79951
84266
84853
94098
144948
58913
95076
96590
93444
92816
92667
95018
91878
95376
88045
95734
90726
95071
90534
93609
145350
88135
51023
90228
94234
91294
94073
93131
93629
94417
83290
95362
91363
96745
89667
89597
93996
90300
148765
57115
93303
89305
92202
90553
92782
90161
88065
91490
90424
92321
97110
100662
101277
100190
158080
97945
60180
96957
102902
98151
95979
98239
96546
99393
98368
99512
103972
110243
108064
108923
108189
109069
172148
53773
111126
108125
110823
107238
106201
107737
108460
108204
88416
95476
93330
94658
93953
95908
159566
92148
56512
96545
96752
95860
92586
95875
95379
95663
95785
103687
99455
102674
94622
102058
98383
94247
159150
55953
101525
101654
96471
101557
93756
101869
91160
95870
95045
91558
94259
97149
93007
91101
154192
94455
56065
91296
90582
96809
92620
96215
89534
97814
98601
96696
92946
92676
91370
90477
97261
93144
156063
59398
94226
102869
95731
102168
116778
119814
121173
118468
119219
113565
118263
111061
113108
117077
176867
116530
52383
121299
117264
122198
87865
88934
92166
87963
91131
88045
89882
85503
89749
86746
89136
88242
182004
54749
89020
91267
97697
102241
101922
100414
101003
100470
100647
96908
102075
97465
101881
98267
192646
97061
51545
104036
86039
91045
88804
88959
87597
89233
86461
85541
87084
86172
87589
87111
86127
82923
163323
55516
55230
116260
112234
113316
110951
112705
110244
109007
110244
110455
110614
111225
106745
112622
184684
109689
