167929
56879
85251
86024
84543
85820
83540
82607
83720
83844
79393
84697
82705
84828
87058
85206
173167
89513
56424
91064
86756
90800
85378
85953
85537
86365
86182
81221
83253
87666
85593
88249
90472
95894
144790
60097
95434
97433
92874
93783
91701
95823
91386
95209
87321
88810
90702
93760
83333
94136
145470
91894
50429
96183
87412
92481
93886
94134
93102
95386
88658
96712
91504
97682
88337
89281
92577
85441
147892
57176
92858
89158
92178
90038
92469
90422
87555
92283
90649
93263
97420
100059
97233
99283
157874
97348
58644
96747
102147
98256
94621
98961
95529
99276
98009
94568
106240
106707
111178
110555
111559
106096
175232
52915
108082
110237
113659
109553
107996
109710
105011
110688
89498
94699
93443
95267
94001
91207
159305
91104
51225
95655
97429
95363
87963
95440
95956
94931
94967
103036
99008
101926
98629
100764
98567
97769
158799
56359
101265
101914
95850
101289
98989
101269
90774
96987
94733
96883
89408
97884
92536
94432
153808
93116
56281
90008
84934
96693
92927
96335
94247
93471
98008
97294
97298
93653
96104
95387
96219
99085
155419
59280
93293
95900
95094
101355
117069
120759
121576
119450
120969
119772
118380
114778
119190
118105
173900
117864
51810
122885
118397
123412
88832
88551
91640
87581
90559
87713
89183
85757
88853
86915
89716
88326
183576
55005
89909
92125
92119
102639
101885
92888
102088
99699
101408
95603
96152
97179
101507
98298
193195
96830
46904
104595
86068
84282
88826
82553
88193
87854
86584
84933
82349
86727
88959
86475
86307
87226
163022
55882
55058
116655
113496
113571
113147
97269
91635
88704
89648
92086
85928
92303
85414
92821
181356
110492
