141134
52989
98401
92987
97682
96984
96954
96065
78916
79410
77375
81307
74931
83887
74158
84238
143672
71601
47233
74065
81751
76813
77443
74709
75680
74329
75776
73279
75333
74482
73853
77537
117662
113479
163349
51094
119221
116321
118297
106797
92833
89806
89974
86759
88326
88096
87344
87726
78347
74270
142492
85107
49472
81923
82368
74639
83101
73954
83030
71882
80190
71751
76196
74710
86948
87006
90960
84859
135396
55893
91707
88618
90313
89180
89725
86911
90480
74300
79982
72187
85164
79828
72196
74508
136756
85631
49152
89159
90417
89092
89366
74388
73307
74654
72143
74068
94554
97145
96722
94282
98185
99133
136806
55514
99143
99515
97911
95564
85326
79582
77911
78894
75084
71760
74530
69844
74945
73052
132995
86591
47893
93709
91225
81533
73481
81499
71605
79153
90964
90690
92219
87786
93035
92627
95149
74642
134803
54853
94818
92177
95032
79361
76310
82030
81360
72419
81691
69826
80714
72705
77174
74282
137908
76093
47952
76413
79466
76280
76546
75022
104077
103379
105890
99573
106790
81493
91056
78570
110190
77072
153310
44954
105765
95167
83887
82451
74702
76213
75179
74253
75423
77198
76957
75989
79823
76400
148721
91316
51888
78087
85745
76468
94282
95174
95852
91640
95964
97601
78665
76769
76592
76686
90387
74776
149407
53379
97550
82625
83050
91419
82300
87793
81239
90823
81078
84977
83307
82927
85057
82056
160755
102934
46993
96165
94814
95037
95232
91823
95665
97219
95595
95612
81324
85144
76748
80738
79107
78314
161631
52563
58953
91189
92393
87613
92419
91860
89144
74878
77295
75686
76136
76547
75725
81097
158831
91014
