143070
52108
99869
92904
100068
96749
99268
95765
84699
75257
77995
75190
76838
76416
75777
76709
143029
74933
48051
74469
88478
77755
78487
75190
81612
73800
82123
71937
81385
72358
79160
73577
115244
114136
160378
51549
117210
117772
117071
112777
89648
90083
88645
87290
90002
88517
93497
87374
74234
80969
141226
86774
46404
89465
78054
75980
75646
75824
74413
74117
74346
75336
73270
75610
86731
88613
91574
86816
134837
59207
90878
91279
89321
90918
88326
87282
88046
74401
72474
73939
85744
77767
76991
70082
137134
84224
49230
89142
90335
90478
89673
79457
73072
81927
71273
79994
95819
95185
97304
92249
99375
96814
137794
53680
100413
98256
98032
95509
81349
78452
78486
80907
89111
72130
81245
68831
81736
70932
133976
85578
48085
91733
91655
73528
75695
74298
74189
73576
91929
90703
93437
87824
94181
92194
97702
73217
136970
53660
96446
90925
95288
75709
76761
75444
72774
74102
73550
71876
73111
75397
75059
74699
138300
74339
50449
76904
85235
75951
82740
74147
102458
104494
103428
99658
104525
83174
82430
80625
92279
79993
151817
45062
105094
86594
82339
82554
75805
80565
75183
80184
74346
84704
74800
82050
74514
79139
146232
91805
46903
79708
78340
77913
94285
94291
95212
91040
95522
96645
79606
80311
76948
82945
83280
81523
147747
55055
95603
86915
83030
82779
83839
79673
83891
82913
84619
82205
84198
81976
85552
82658
160344
103653
46666
106316
96657
94272
96973
90472
96638
94948
95799
93920
81130
77767
79072
74834
87686
75435
161390
52642
59878
91681
93612
87377
94961
91786
86247
74273
83062
73081
80807
71206
75689
74196
159992
88826
