136324
57857
92239
92800
92186
95000
91944
92948
90447
92289
90201
89499
90268
91124
89495
91205
138676
85957
57915
88692
90599
90598
90678
89603
89276
91133
88348
89376
87635
91711
87145
90531
103070
102102
145887
54539
106520
105780
107055
103959
105442
103472
103858
101918
103570
104747
101641
104794
92150
90384
139593
86019
58780
91753
94563
90468
92047
91282
91832
89047
90940
90884
89620
90375
87413
87385
90838
86103
136788
56715
93943
87207
91978
87244
90268
85140
88590
87133
86532
87029
82088
83389
84921
83791
132347
82612
59443
84985
88960
85937
88276
83447
88501
85058
86870
84205
93651
96617
95847
93518
96255
96512
133519
55561
98402
96857
96629
93877
95469
95879
94644
94553
85793
89736
87964
88697
87852
91721
127899
86418
56148
91005
91006
88170
89541
89943
87828
88556
90577
91587
91732
90308
91800
93583
93446
93555
133427
57529
94977
94149
93089
95180
90760
92327
89546
90161
92830
74458
76930
74503
77248
74000
136402
88181
48105
93035
93433
95026
90245
93489
103663
101797
104707
99760
103432
102895
104637
89261
105439
81089
151162
52222
105829
105025
102405
103550
93557
92675
95404
91157
95246
88472
89958
75101
85982
74478
143929
88376
55170
95942
93913
94163
89303
89763
90421
87766
89967
89977
91757
88392
92007
88306
92974
87254
143495
55626
92143
90149
101361
102003
101957
99070
101897
101705
101945
99880
101472
100539
101223
99035
154788
99640
56404
102020
92387
95902
92618
92749
92435
94574
93193
91639
92350
92136
92113
90344
92003
93124
155378
54288
58790
92953
92060
90994
90775
93018
90700
91390
89676
91106
89236
88758
89241
90746
155368
88724
