141613
52897
98617
92618
99619
96965
99520
94559
86586
74824
83303
73138
78769
75832
76227
76531
142027
76177
47146
74052
82647
77488
76105
75911
75662
75036
79108
72696
81558
73524
80983
73784
115501
114980
160412
51788
117301
117107
116922
115587
90070
90132
88290
87678
87566
88970
87731
89082
75418
80229
141729
87331
46824
96338
76249
80560
74155
75676
74791
74030
74321
75537
73354
75485
86745
87126
90984
85273
135154
58571
91377
91830
89855
91564
88566
88678
87460
80422
70683
74064
85394
78806
76341
70683
136853
84233
49453
88081
90274
88989
88726
87491
75335
78625
72691
80583
97495
94506
98363
91220
99225
96520
136795
53908
100713
97717
98119
94881
82901
78796
78973
77824
88101
73691
77663
69942
81775
72204
135308
84589
51100
91371
93355
74075
75418
74497
74384
74444
90534
90863
92440
88068
92764
92435
96010
74803
136115
53297
97653
90749
95704
81114
82846
73818
72272
74156
73771
71812
73629
75013
75452
74933
137102
73902
47774
77707
91525
77146
78241
75432
102775
105148
104029
100511
104623
88302
80555
80750
84901
79551
151927
44149
105597
92470
82536
83007
75379
75184
76180
76072
76380
83115
75468
83354
75709
83349
146260
92204
46478
81140
77958
78273
94502
94146
95578
90353
95204
96149
78983
75994
77226
77081
83659
79425
147681
56338
95321
97095
89430
80113
84628
79542
83450
83297
84091
81794
83192
82070
85214
81175
159682
101897
46889
105440
96475
93717
97646
90580
98170
94838
97374
93966
83426
77266
78667
74866
87148
75359
161028
52139
59035
90690
91959
87474
93474
92240
93816
75341
82002
74251
82596
71821
81601
72277
160183
88761
