141131
53325
96774
93156
97068
98217
97568
97115
78124
84290
75687
82779
74236
82464
73274
80905
142681
75354
47630
73720
80988
76553
77729
74732
75924
74211
75293
74195
74881
78154
73377
81768
117611
112971
161588
51104
118783
116613
117662
115082
91165
89199
89623
87132
88767
87960
87606
88237
87916
74257
143766
84891
51889
83114
86656
73827
83541
72919
80928
71862
75290
74333
74256
75008
86735
87297
90954
84655
135878
56138
92303
89085
91676
88572
91407
86005
90713
74250
80654
71575
84576
82157
75457
71171
137015
84405
48984
88725
90037
88741
88663
79181
73391
74967
74387
74270
94207
97784
96435
94223
98027
98206
136019
54241
100410
98450
97913
95406
95923
79974
78009
79075
82054
71354
74008
70945
75199
77680
131790
87531
47392
92945
90421
88683
72821
79133
73403
74554
90497
90741
92283
88209
93534
92128
94664
74237
134619
55519
94748
93203
93368
86376
74859
83812
80919
71732
79782
69837
74754
74441
76545
74090
137359
75271
48014
80459
81124
76745
76810
75322
104868
102874
106220
98895
106560
81503
90999
77834
95638
77069
152973
44849
106335
101860
83863
82595
73833
76075
75443
73417
75606
76644
78817
75598
83534
74659
148545
91030
51350
77390
84250
75093
93957
94238
95013
91063
94865
95801
78167
76808
76148
76131
94045
74624
149091
53719
97308
88273
82925
90802
81242
85580
80115
86790
83324
82503
82554
82864
83990
81661
159179
102172
46984
97903
94248
95511
95380
92172
95307
97415
95605
95661
80991
83790
76343
79203
79051
76457
160704
52216
59050
91661
92386
87652
91977
91814
80417
74743
77642
76797
76671
79100
75154
81333
158508
90303
