140569
52462
96800
92517
96405
96993
97128
95718
79609
83004
75553
81955
74611
83371
73327
82145
142459
79513
47509
74215
81022
76629
77046
74400
75824
74318
75214
73106
74205
76213
73765
80624
117513
112977
162226
50817
118586
116194
117530
114851
91407
89116
89201
86534
87897
87294
87845
87644
87526
74044
142506
84879
50883
84032
85694
73974
83795
72971
81043
71107
77773
74537
74139
74354
86516
86536
90862
84297
135053
55688
91641
88587
91231
88332
90614
86464
90383
73912
80375
71652
84500
86298
74755
71148
136353
84022
48740
87890
90330
88294
87610
85300
73163
74443
72614
73754
94306
97613
96140
94195
97833
98356
136265
54248
99584
98076
97785
95098
98447
80485
77921
79049
86710
71760
73959
69799
75094
75908
132196
86893
46890
93357
90237
89672
76077
81052
72032
75094
90463
90702
92211
87727
92650
92284
94605
74285
135005
54986
94821
92496
93499
95082
75037
83051
80992
71727
80480
68944
75372
74375
76075
74010
137596
74555
47213
79795
81781
76527
76550
75057
104653
102930
106030
99156
106508
81104
91548
78142
96116
75565
153037
45217
106115
105887
83562
82405
73338
75625
74871
73869
74831
77249
77527
76134
82076
75142
148671
90672
51239
78235
84213
74896
93100
93780
94505
90456
94405
95134
80338
76302
75696
75755
93210
73839
148027
53551
96813
95981
82682
91191
80893
85611
79869
87510
82608
82092
82338
82393
83752
81221
158990
101766
46976
101848
94075
95315
95247
92208
95046
97671
95132
95437
81569
83638
76480
78974
78819
76302
159915
52655
59124
91556
92528
87269
91755
91922
80511
74746
77159
76919
75951
78807
75264
81893
157442
90538
