141687
52675
98495
93536
98316
97682
98658
94856
81446
78123
84324
75095
85003
75441
82680
75379
142324
72630
46955
74799
80091
78067
76580
76336
74895
76215
74650
74096
74616
75031
76812
75868
115189
116381
161267
53412
117165
118837
116725
99929
90832
90034
88688
87639
88040
88434
86501
88682
73914
72732
142410
86398
47639
96684
77182
82248
74293
82662
73003
78561
71881
75499
73424
75080
87025
86885
91544
84323
135074
56949
90769
89276
90686
89959
89013
88352
73841
80495
71740
80148
89224
69800
76736
70631
138037
83766
48909
90187
91769
78738
76098
72423
74833
72582
73102
74103
98217
95026
99615
91828
101619
97549
139886
53048
101136
98335
98287
79984
79333
77843
77361
77700
71984
71756
71284
70430
73862
72976
136127
84829
53034
84300
85072
71118
80680
71095
76056
73145
90763
91034
91740
88165
92755
92575
95332
75269
135384
54327
95537
91166
95150
76468
82375
74290
70823
79753
70939
74743
73741
74925
76037
74459
137575
74770
47358
77242
78327
76999
74970
75875
103043
104808
104375
101113
104481
91522
80503
86881
90098
83821
151692
44133
105831
85752
82699
83003
75546
75191
76177
73156
76876
76461
77737
78817
77643
83682
145745
93165
45975
85749
76168
82153
95622
95168
96826
91767
97076
92551
79378
76381
78561
75577
83740
74705
149197
55521
96853
86464
91845
82069
91197
78334
89794
82065
84623
82615
84059
82589
85223
81895
161514
102965
47277
99034
95691
94236
97120
90818
98193
94872
97991
93899
87753
76342
84192
73741
91020
75930
162504
52055
58480
91457
92212
87319
92111
91763
92928
75986
78040
75394
81605
72519
82438
72895
162001
88094
