111761
58164
89477
81939
86295
82871
86372
81682
84160
82355
83793
82922
82890
82712
85337
83013
113884
78522
59337
83993
84634
84095
85928
82994
85581
82505
86198
82297
85447
82158
86167
83264
92363
90401
120093
56815
93137
94518
93007
92453
92046
91877
92618
92422
92781
91963
95191
78069
87736
91846
121221
86504
47415
94663
91039
90535
89877
90760
82516
76166
73579
75343
74126
75871
82822
85937
87292
85452
123086
61365
87013
89269
85121
88283
84611
87145
84699
81425
72496
72137
70097
70059
72905
68709
128151
80495
50421
87175
77116
73388
72477
77286
70088
80054
69828
80872
89165
87014
89803
86581
90923
87226
122424
56236
90765
89770
89862
89178
88223
89069
89283
90569
87457
85887
90563
70253
84577
69732
125401
82119
51819
88806
89148
87961
87633
83626
75434
73277
83703
83542
84620
82524
84846
83768
88642
82493
123323
55612
90660
85047
87938
83888
87231
84435
83535
84937
84640
83814
84691
72773
72288
72153
122913
80930
58462
87676
88071
85975
89389
85609
82857
87831
83617
85334
83508
85355
84770
84573
85524
84800
118778
56533
87344
87671
87442
87393
85970
88224
86267
87585
80858
84314
72202
82564
69961
80490
122238
84611
48542
90490
89401
89921
83145
83657
84111
82532
82816
83713
83315
83737
82915
85301
84475
87365
120075
60013
87279
89570
83786
81904
83122
81640
82340
76152
70715
68863
69363
67905
71241
67790
122057
80577
57613
89046
86483
81501
85688
79478
83737
80228
83467
79431
81129
80629
81973
80694
83117
80624
114313
58798
62491
83957
85034
81983
84324
82864
86043
81754
85880
82010
86350
82376
85451
82577
118672
80112
