105860
62054
83026
84882
80762
83875
81585
81525
81358
82401
81972
82614
81558
82116
83577
82510
112933
79682
58656
87071
83562
87372
82716
85870
81667
85379
81795
84657
82088
83172
84343
84323
88953
86126
116102
57695
89428
90729
89056
89347
88171
90227
88211
91772
86534
91484
88005
90877
90250
83905
122483
85323
49115
93090
92404
89747
90604
90508
77840
73372
75404
72678
76676
75896
86358
82619
91329
81669
125744
56313
88923
84851
86112
85165
85669
85167
84816
83307
72990
70175
73620
71093
70049
70485
130085
80277
56538
87413
85980
70722
80974
69213
77524
67477
74785
70147
86879
88847
88622
87937
90077
87370
122035
56241
90958
90252
91967
89618
91131
88362
92299
88554
83746
87583
85484
76389
72196
71945
122773
82591
49213
89242
88313
88099
86675
88566
73736
74757
82494
86657
83526
86645
82594
87011
84812
84387
118341
57297
86441
87338
84916
85364
85269
85814
83852
84084
84773
83985
81049
70646
74604
73866
122176
84263
56367
91666
85193
88251
85796
87565
82744
82885
83689
82588
82732
83032
84107
82459
84473
83202
118039
59405
85802
88409
85844
88828
89385
85953
89512
84959
86937
77832
74322
71599
72750
71530
123622
83695
49838
89139
89646
88567
84957
83408
85783
82415
85785
82671
86765
81911
85909
82407
86838
68468
120964
56001
87822
86727
81267
82727
82017
81656
81385
74733
68330
69870
69354
70039
75431
69052
124988
78097
60734
85998
80202
83101
80905
80667
79707
81060
80052
80777
80132
80755
80548
80672
82930
80608
115162
58234
60743
87476
83005
85748
81474
85216
81558
83304
81729
82748
82341
82930
82912
83240
116282
80537
