108408
59657
84638
83895
82219
85616
82308
85608
81402
86219
81379
85848
80873
84184
83438
83731
113729
77999
58816
83874
84044
84572
84062
83035
82411
83473
83186
85111
82278
85647
83541
87237
97056
91062
123483
55873
95974
94583
94666
93001
93473
93113
93348
93358
93117
92702
94732
75477
89953
78615
124457
85192
53824
92825
94830
89207
92381
90718
82016
74448
74440
73875
75684
74090
83134
83678
87629
82225
123937
56789
89096
85997
88255
85302
88775
85085
88229
77773
80919
69136
68408
70958
71542
69879
127841
80940
50264
87173
86837
73598
69802
72498
69978
71481
74149
71476
86176
91830
87502
89649
89428
88909
121389
56532
90331
90638
89808
90301
88411
89403
89054
88853
85026
86603
82386
73385
75178
79727
122665
85345
48444
91689
87733
89899
86682
80977
74133
74004
82444
83175
83999
82011
83107
83507
85619
82732
118895
59177
86855
89641
84085
88335
84567
88431
85007
83297
85239
82835
72214
71085
73737
70190
123390
81193
57032
88202
85740
85872
86255
87659
85779
81858
86964
80954
85382
81750
85715
81380
85133
82383
117452
56701
86090
84931
86033
85130
85939
86273
86891
84898
86985
75751
77073
71996
81626
70629
126577
82736
55675
89010
91123
88216
82509
83641
83167
82608
82551
83617
82955
82033
82806
82454
85811
71970
122547
55380
91291
86132
80798
84576
81489
81990
81182
70836
69537
69558
68660
69196
69322
70118
121812
79108
58584
86666
81375
85210
80866
84384
79185
84225
79948
82449
79253
82023
80321
80936
82162
80570
113547
58456
61152
84150
83798
82466
82397
84120
82840
84414
81931
85743
82041
86025
82293
85682
115863
81815
