109908
57737
87323
81008
83501
81559
82980
81299
82366
81877
82428
82018
82103
81763
83950
82501
113911
78758
61496
83649
86171
83752
86871
81943
85758
82131
84812
82725
83722
82917
84597
83760
93173
91711
120569
56662
93843
94470
94503
92356
94430
92442
95131
92929
95673
92117
95938
76092
87885
83400
121349
84804
48527
94167
92240
91216
90953
91256
84604
77506
72666
75992
74083
76352
81660
87461
86702
85518
122653
59496
86228
87057
84959
86096
84893
86058
85152
86916
71977
72234
71159
68118
72670
68749
127659
82261
50457
88918
79252
81520
70378
80976
68514
78116
68211
72872
88427
88734
90040
87095
91286
87494
122728
57076
91557
92180
90542
92358
90021
92440
89434
93306
86543
83936
87558
79338
78519
71387
122681
81599
57257
87898
88033
87589
86869
86468
86710
88133
85518
83837
87097
81844
86775
83085
89403
81649
120764
55975
88370
86675
86058
85084
86171
85591
83399
84733
84363
83644
83767
84548
86112
84207
123919
80893
60846
89016
90398
85671
88904
85480
80440
82421
82308
82130
81948
83071
83448
82636
83339
82733
118353
58716
87451
85105
87814
84510
84194
88702
84895
86644
83541
87143
84686
84794
84849
85827
122858
82933
58084
87496
87221
87153
82229
85052
83251
83817
81418
85863
81684
85095
81445
84916
82517
84496
116246
58599
85706
85699
81986
81986
82960
80581
81878
81842
81909
82134
81435
83507
82244
85880
117081
84232
57692
89528
83135
80199
82542
78823
79840
79885
80949
79191
80018
79747
80683
80119
80065
81007
112639
62417
64828
84011
87079
81298
85231
82362
85010
81024
83749
81852
82569
82360
82262
82755
115944
80276
