109535
58925
83569
81319
81463
82791
82217
80505
82344
82198
83685
83140
84625
81894
86989
81687
114606
80920
58450
84275
83199
84524
83292
81329
82144
82862
82944
83778
82364
82462
83357
83411
95912
98111
124620
59255
97537
101777
96523
97817
95723
98439
95502
97927
96498
97368
87320
80322
88119
89474
122375
84189
49936
93967
92119
90583
90233
93467
88512
90224
73672
85576
72686
83128
81625
82048
87199
80678
123136
57570
86757
84288
85090
84743
84723
86453
84427
86322
84499
87272
85937
83296
88587
82224
128638
79887
58055
84179
86785
86002
85997
85591
85397
84615
85702
84976
95370
94877
97509
93033
98020
94686
131595
53893
100929
96476
99149
96360
97172
95779
96593
96148
83020
85014
85190
83695
84432
82505
122513
80877
58481
88853
91207
88293
90207
86049
89825
85758
80242
83418
82715
81849
82293
83954
84620
81719
118372
57198
87240
87672
86158
85351
86396
84755
81757
86839
83242
84657
82060
85818
83376
83801
121044
81448
58204
89547
85999
85873
84810
86266
79767
82911
81577
82418
80972
85244
81849
84531
82400
85722
116765
62100
83601
85651
83081
84016
84957
84623
85290
82889
83856
84330
84938
84112
84595
87238
121279
85802
59137
89979
85495
89415
84666
81504
84158
79880
81382
81759
82221
80370
81642
81408
82278
82251
117078
62177
84333
86582
84514
81994
85926
79174
84261
80362
84048
78972
82747
80562
81760
81827
116711
80195
59895
84892
81371
81433
82162
78962
81141
80233
82580
78700
82974
79130
83526
79453
82654
79879
113299
59622
61199
85848
85500
83476
83799
85312
84692
82894
84410
83903
85362
84828
86182
84907
119276
81854
