110308
58713
84379
82205
81986
83420
82649
81670
82677
82354
83370
83357
84514
82455
86423
82844
113976
81451
57786
85161
82557
84980
82917
82189
82753
83372
82756
83843
82435
83521
83743
84207
93185
94851
121863
60165
94683
98898
94693
95775
92966
96021
93384
95875
92878
94472
93959
78868
88400
88289
122504
84884
50033
93511
91679
90702
90449
92600
92547
91778
74416
86773
73309
84980
82509
82162
87051
80692
123443
57078
86805
84262
85526
84954
84949
86066
84274
85652
84365
86177
85881
83677
88647
82846
129211
79939
58849
84792
86678
85689
86176
86152
85580
85638
75461
71680
91925
91858
93223
90075
94500
91515
128789
54728
98215
93293
96921
93354
94847
92002
93918
92801
82957
85490
85169
84027
85038
80354
121870
80955
57898
88904
89539
88014
89436
86297
89789
86478
80643
85171
82898
83122
82326
83299
85147
82016
118333
56880
87256
88040
85612
85411
85344
84642
81622
86302
83353
85577
82268
86792
83632
85106
120615
82440
57806
89731
85906
85937
84872
85416
80346
81350
81743
81857
81504
83536
82542
83825
83284
86091
116618
64128
83132
86723
82820
84931
85101
84922
85545
83711
84318
84519
85028
83793
85318
85928
120936
84561
59492
88694
85985
89649
85651
81525
85284
79716
83200
80701
82486
80322
81610
81497
82415
82074
117582
60322
84267
84182
83507
82377
84659
80517
84409
81043
85566
79912
84529
80539
83921
81708
118439
80417
59994
84019
81160
81673
81104
79696
80158
80802
81619
79447
81928
80184
83207
80190
84015
80585
115410
59206
60560
86652
84479
83238
83258
84634
83804
83090
83316
83928
83469
84627
84171
84677
117023
82693
