110020
61471
85519
86778
82361
87795
82960
86480
82359
85851
82239
84755
82144
83124
84819
83623
115500
78233
59072
83765
83422
84379
83796
84006
82802
85575
83005
86869
81854
86687
83417
86845
93132
87568
119693
56966
92616
92478
92220
90466
91375
90449
90596
90737
90503
91577
91426
92753
91382
81305
125689
85270
54117
92598
94042
89371
90560
90594
76922
75181
74604
74032
76122
73500
85149
83754
90196
83265
126027
56737
91279
85811
89721
85259
89056
84784
86874
78359
76963
71074
71150
71085
71261
70568
127747
81147
52050
87466
87550
73810
72585
72902
75479
71420
81207
70066
85923
89709
87181
88125
89698
87499
121779
56729
90320
90480
89940
89391
87941
88081
89737
88640
84589
88123
84633
81806
73260
83453
122464
85235
48219
90822
87595
88090
86939
75914
73640
74644
82750
83534
83975
83494
83410
84935
86566
85193
119314
60688
86764
89908
84816
87851
84764
87531
84144
84211
85409
83411
84559
83041
74964
70667
122689
81156
57792
88717
86232
88090
85680
89321
88228
83404
88428
82903
86497
83660
86528
84076
85999
84552
119891
56754
88488
87146
87744
86836
86728
86632
88140
85766
88440
73563
83645
70530
83515
69451
125251
82907
51561
89476
89581
88739
82933
83377
83644
82849
83125
83239
83882
82588
84605
82931
87784
71123
123940
56100
91306
85697
81470
84783
82839
82671
80150
71142
69326
69810
68647
70290
69154
70692
122869
80106
59659
88014
82278
87522
82068
84974
80362
85027
81028
82898
80557
81759
81374
81740
83681
81923
115271
58097
61307
85258
84593
84865
83474
86775
83709
86975
83193
87315
82962
86428
84812
80678
117891
81487
