111270
58781
85483
80788
84304
82396
85560
79748
84955
81398
84891
81770
83832
81295
83168
82643
114918
79160
58519
82619
83587
84194
83514
81326
83763
82874
85031
83469
85722
82071
86970
82976
94970
97473
123527
55982
98345
99590
97715
95638
96545
97653
97301
97939
96283
96701
78502
80484
87323
92066
121478
87187
50031
96364
90844
90855
89778
91769
90745
80136
75167
76284
75191
76190
81451
83383
86964
82005
122952
59884
86230
86541
84637
88208
84391
88496
83384
86734
83325
86036
83209
83916
85919
82682
126969
81034
57637
84453
86431
85957
85937
86940
84961
87125
84881
88118
96914
94404
97494
91990
96940
94070
128857
54451
98419
96773
97354
97304
96602
96178
96154
96289
84257
85285
87161
83373
87491
82299
124993
80186
58771
87983
90207
87783
87715
86674
86866
86735
81834
83183
83618
81382
82764
82940
85993
81194
121241
56840
90777
86879
88738
84824
87776
83864
81569
83876
83730
82098
83092
84246
84074
83432
121487
81389
58777
89217
87242
85625
87456
85368
79470
85664
81179
83158
79941
83808
81473
81432
82763
82389
117516
60046
83615
83964
83489
83377
84553
86243
85456
85342
84344
87790
84447
86395
84310
88282
120712
84697
59172
86959
85621
85989
81985
81850
82496
80230
81512
82229
81819
81703
81380
84047
81863
85719
116434
64739
82799
87240
83529
81632
83319
79510
81276
81347
81675
79712
81627
81031
81646
82116
116201
81885
59655
87065
83918
81149
84845
78389
82799
79649
82451
77777
81185
79398
80610
80189
80103
80822
111902
59943
62277
85495
86381
82728
85400
84801
86889
82303
87366
83316
87455
84427
86769
84033
117557
81999
