108920
62742
83143
84518
81206
86164
81200
82441
80866
83306
81772
82670
81480
82837
82596
83168
114174
78667
58710
83308
83898
85975
83597
83856
81972
86058
82246
87377
81908
85579
82377
85361
95787
94880
124827
55696
98366
98022
97530
94012
96195
96607
96855
97784
96233
98054
82087
87706
90117
83432
124667
83461
56402
92705
92270
88782
91289
90433
91142
91726
76862
74097
76410
73668
84025
82451
89952
80980
126655
56837
89707
82851
88034
83928
86757
84617
85291
85109
85075
84678
83300
84704
85663
83662
127035
81313
58795
84868
87778
86009
88398
85597
88482
84583
88027
84271
92726
95983
94818
92635
95205
95385
128322
54736
97841
97371
96735
97246
96266
95895
97234
96109
83185
88153
84329
86158
84045
87891
121147
82275
56470
89282
88451
89365
87294
87972
87357
87620
81862
83797
83358
82868
82670
85742
85075
84776
118303
60983
86950
90481
84577
86875
84404
85936
82577
83304
84088
82046
83140
83499
84121
82757
121593
82338
58197
91805
86282
89462
84854
88370
82499
79948
83391
79656
81519
81344
82430
80628
83495
81897
118077
60565
83925
84619
83766
85588
87115
85147
88317
82293
87065
83693
87451
82493
86145
84204
121401
82290
59818
86020
86410
85748
82058
82572
83100
80612
83153
81805
84348
79840
84793
80691
85884
81188
120463
59418
85964
82741
80993
82388
81716
80420
80171
81610
80784
80117
81331
81032
82248
82133
118347
80609
63485
83901
79804
84640
79790
81023
78676
81813
80068
78823
80054
80072
79841
80704
80034
81113
111170
60405
61742
86745
84616
85363
83016
87535
83150
85082
83062
85702
82513
86213
82936
84574
114769
82463
