107246
62772
83881
85943
81147
85894
81468
83525
80957
82711
81879
83293
81669
82536
83885
82937
113764
78470
58368
84644
83843
86622
83521
85829
82415
85859
82042
85936
81354
84685
82815
84653
92425
90246
120697
56585
93490
93386
93250
92122
91560
92812
91964
93747
91221
94298
92196
95014
91134
75904
124117
84811
49880
92956
92179
90101
90957
90745
76867
74727
75156
73224
76301
72652
85391
83344
90858
81631
126669
55972
90645
84884
87659
84334
86785
85267
84834
83162
72962
70938
70529
71006
70673
70172
128234
80438
57731
86317
87889
73153
79949
70819
80118
69043
80130
68276
85888
88072
88184
86940
89686
87625
121460
55814
90269
90045
89702
89249
89463
88609
91294
89019
83947
88877
83001
80716
70268
79093
121817
82793
48794
89256
88120
88334
86862
84861
73736
75088
82448
85374
83765
84759
83403
86921
85879
86090
118248
58941
85893
88617
83798
86419
85106
85788
83786
84225
85086
83051
74396
70745
73880
70063
122160
82574
57196
90890
85612
88880
85640
88944
84654
82377
84374
81701
82856
83350
83645
82392
84858
83077
118317
57486
85592
86153
86031
87029
88416
86179
89690
84871
88331
75277
82073
69339
78072
69478
123232
83560
50562
89552
89986
88974
84132
83228
84482
82228
83919
83227
85668
82057
86068
82120
88143
69647
122561
55429
89517
86604
81734
82865
81870
81152
81607
72223
68460
69613
66961
69542
69133
70167
124062
78836
61162
86244
80354
85143
80462
81663
79505
81097
80692
80391
80206
80862
80897
80789
81975
80321
113804
59085
61314
86193
83556
85458
81975
86812
82135
85020
81477
84427
81940
83889
83152
83637
116532
80599
