107383
63313
83360
85367
81104
85459
81417
83003
81202
82427
82105
82659
81862
82767
83121
83122
112047
79148
59369
84946
83636
86566
83201
86087
82343
86074
82143
86652
82018
84896
82704
85122
91380
90229
119879
56770
93114
93345
92891
92089
91611
92525
91991
93795
91656
94008
91935
94732
91048
83420
123744
84603
49887
92987
92709
89739
90818
90404
79318
75832
76196
73273
76222
72634
84751
83018
90636
81545
126589
56463
90314
84154
87490
84375
86480
85397
85241
84647
85530
84909
84549
73139
71644
71368
127761
80563
59018
85904
88608
85802
88586
74735
82562
70276
80485
68847
88167
89758
89819
88917
91140
89757
123206
56076
93550
92387
91922
92203
92125
90958
93153
90945
82976
88037
84848
86376
78842
79817
121824
81929
57046
88694
87365
88985
86940
87177
86472
80149
82908
85219
83657
84432
82669
86739
85386
85391
117520
59776
86458
89564
84725
86203
85147
85765
83724
84107
84771
83046
83550
83916
84944
84022
121131
83447
57477
92999
86362
89441
85598
88827
82448
80305
82953
80801
81448
81872
82957
81035
83590
82111
117958
60479
85234
85017
84240
85915
87428
85251
88484
83146
87226
83837
86993
83041
86158
84656
122244
82414
59222
86329
87070
86139
83602
82934
83865
81137
83271
81756
84971
80742
85709
80813
86618
81433
119446
59025
87017
83681
81101
82386
81527
81023
80510
81779
81237
80954
81677
81315
83537
82062
119382
80319
64178
83709
80075
84318
79916
81284
78952
80623
80217
79923
79839
80711
80154
80934
79931
81203
111715
59733
61515
85545
83111
85236
81709
85980
81734
84434
81046
84419
81227
84356
81913
83552
113723
81413
