106796
60617
83232
83629
81668
83113
82319
82479
81950
82557
82219
82480
81778
82178
84702
82123
113281
81419
57741
87336
82918
87334
82689
85032
82254
84521
82555
83067
82497
83376
84206
84339
91507
89723
118830
59307
92210
94627
91754
93478
90368
94505
90395
94015
89089
92762
90372
90003
88961
81954
122130
84780
48726
93027
92079
89832
89696
90180
78111
73604
74935
77051
75835
83874
86223
82410
90133
81324
124724
56335
87794
85763
85563
84860
85619
84933
84965
85084
73314
70095
70088
71178
73252
70178
130847
79747
55481
86213
83447
69609
78645
68058
72468
70507
71865
70451
87020
88392
88123
87191
90028
86956
122865
56137
92146
89975
92638
88595
91558
87531
92101
88216
84014
86808
83247
71744
72645
71871
122709
82764
48726
89159
87974
87510
86970
82164
74020
74567
81655
87532
82858
85744
82585
85852
84967
83578
118627
55901
86898
86785
84967
85291
85439
86062
83261
84157
84722
84253
74182
74577
74154
78959
122090
84300
55327
90150
85163
87487
85850
86637
83891
84304
84801
83497
84433
84380
84720
84101
85552
85313
118957
59809
87171
90714
86907
90635
88561
85877
88526
84690
86802
73199
73297
71260
72677
71409
123332
83164
49887
89393
89544
89138
85686
82761
86867
81961
85886
82392
86249
81457
85019
82414
86216
72086
120231
56321
88326
86868
81871
82940
82510
81188
82033
72603
69730
69925
73312
68746
79697
68409
124995
78386
59538
85709
80931
82382
81312
80313
79775
81304
80857
80356
80449
80616
81518
80479
84351
80515
116787
58298
60870
87983
83350
84777
81470
84606
82683
82487
82227
82915
82681
82992
83552
83662
117431
80238
