110501
59102
84940
81237
83027
83211
82849
81457
82163
83680
82659
85567
82352
85727
82439
86558
116721
77846
60472
82479
84543
84287
83703
80704
82984
82820
83627
83513
83122
83176
82960
84627
98370
95277
126858
55399
100634
97312
99334
93512
98147
95571
97353
96572
96728
96163
94194
78637
87251
89976
122529
84696
57501
93312
92900
88860
93208
90147
93716
90252
92530
78002
85444
72131
80999
83023
86681
81377
123538
57714
85959
83018
85177
85116
85606
85308
85948
84455
87445
84123
82467
87456
85097
85050
125901
82339
57650
84586
86845
87017
86119
86478
85381
85547
85094
85327
96532
99042
97798
97450
97546
100123
130481
57311
99959
102315
98828
101417
98495
99421
98687
99047
83592
84535
85684
83145
84801
86155
121765
81701
57197
90732
88373
91648
86424
90078
85786
88864
82650
81586
83248
81034
82569
82537
84733
80606
118393
57897
87900
87713
85094
86003
84685
86639
84525
81757
85969
80606
84463
81884
84990
81241
121415
80844
58909
87905
85642
84250
84699
84193
82016
81596
83866
80810
83850
81339
85973
79598
86888
81260
119208
59952
85811
82504
83258
82345
84084
85309
84583
83306
83775
84917
85800
83116
86697
85385
122718
82827
64341
85980
89675
84830
80844
84138
81182
80753
81025
81671
81268
80462
81486
81940
81948
82287
118002
60837
85617
83914
81783
86480
81190
84576
80273
84690
80395
82126
80133
82133
81481
82709
116706
81180
60151
84921
81259
82047
81211
80813
79659
82910
80300
82224
79286
83719
79888
83849
79458
83466
110664
60905
61698
84529
85146
81921
83552
84005
84001
81596
83066
84413
83553
85656
83561
87410
114763
86298
