110536
57970
88132
81466
85044
81565
84801
80776
83216
81911
82214
82170
82516
81721
84789
82194
112954
78655
59787
84022
85157
84212
85994
82137
86085
82265
85986
82291
84727
82253
85640
83251
90340
88756
117660
56778
91143
92420
90834
89635
90861
90105
91327
90048
91750
89875
93598
80781
87806
90539
120999
87704
47777
94055
91472
91068
90084
91244
82675
76981
72640
75864
73362
76249
81922
86884
87209
85959
122652
60649
86877
88638
84980
87093
84280
85983
84184
82541
72074
71956
70145
68947
72970
68458
127898
80855
50308
87309
78181
77703
71095
80064
68946
80065
69009
79123
88091
87697
88744
86694
90877
86837
122099
56040
91196
90217
89859
89693
88422
89988
88962
91346
87814
84746
88426
71546
82566
68234
123294
81449
49272
88475
88612
87544
86419
88133
75691
72177
84656
83712
85825
82566
85948
82965
89655
81674
121603
55408
89678
85575
86596
84276
85893
85304
83388
85272
84804
84159
83803
77520
72429
72348
122981
81166
59743
88655
89403
85734
89756
85769
81265
84835
82737
82971
82611
83472
83910
82784
84308
83330
117809
57238
86400
85781
87051
85999
86136
89598
86347
88494
85564
90385
70835
79995
69144
75142
122694
84021
51398
90191
89566
89544
83180
83791
83375
83478
82309
84834
83309
84661
82490
85895
84321
85955
118704
57922
86924
88157
82046
82190
82943
81318
81642
81790
73986
68206
70399
67212
71907
69420
121828
81747
57084
90279
85456
80777
83974
78973
81154
80023
80916
79754
80343
79965
80869
80481
82714
80394
113417
60578
63951
83745
86197
81861
85248
82047
85691
81005
84403
81427
84147
82007
83158
82622
116441
79568
