112839
58097
87690
80109
84307
81854
84458
79418
82569
81382
82174
82242
82364
82226
83011
82476
114787
78472
59936
82620
85037
84125
86071
80634
85998
82612
85821
82566
85137
82559
84727
83222
95409
95758
124612
55971
98055
98733
97455
94986
96953
96858
97779
97779
98024
98334
90154
77934
86944
92792
121110
85443
54916
94182
91524
89273
90154
91051
90508
83909
73887
76642
73186
76449
80813
85463
86526
84778
122590
60775
85427
85565
83795
86574
84625
85131
83842
84993
84256
84870
83345
84315
85350
82984
126702
81813
57370
86525
86173
88564
84859
89376
84416
87772
84210
86912
94262
94116
95827
92309
95573
94587
128789
54583
98145
97083
96735
97484
95979
97333
95969
98103
86184
84009
87864
82302
86582
86203
122753
80510
56516
88399
89541
88386
87330
86588
86891
86294
83693
82997
85254
81522
85440
82593
88750
80832
121587
56373
89644
86501
87337
84396
85071
84924
81680
83825
83320
82459
82113
83302
84396
82556
122878
81065
61595
88687
89503
84647
88320
84087
79187
82727
81133
80532
80715
82028
81721
81004
82796
82282
117734
60508
84757
83493
85477
83239
83589
88590
84443
86285
82853
86899
83860
84329
83652
85183
120081
82868
59295
86771
85636
86119
81893
83421
82699
82579
80984
84662
81746
84305
80774
85335
81482
85431
115683
62380
82758
84335
81954
81818
82354
79790
80964
81543
81668
80460
80974
82976
80945
84590
115919
84690
58996
88927
84129
79997
82656
77613
80274
79878
80280
78285
79830
79467
80472
79874
80354
81100
111451
61810
63560
84807
87482
82251
86624
83497
86746
81232
85734
82678
84760
83997
84573
84752
115543
82578
