85810
41818
63733
59718
58624
58951
57096
55555
55774
55988
55876
56127
55679
54970
56971
54998
91879
50367
41376
62599
60036
61011
58301
56465
56906
56777
56044
56484
55651
56057
55819
55957
59936
55966
85744
40134
64553
64974
61181
59642
58635
59004
57899
59361
57129
57678
57213
57276
57612
57500
96031
50153
38503
65909
62818
59398
59475
58820
58202
59490
52318
58323
49757
56562
54674
54455
63581
51698
96653
38867
63965
58864
59736
57716
58017
57240
56466
55632
56949
52461
54293
49012
57153
47729
104324
47352
39555
60318
62079
60125
58371
53062
52361
50451
51260
48752
56409
57072
57418
55901
61761
54546
92158
37035
66249
62351
63389
61954
60791
58160
58229
57056
54571
55770
55664
54936
56208
53033
96063
49324
38789
64618
63281
62753
59881
57482
57639
56006
53874
55859
54730
54886
54537
54142
58733
52731
92492
38624
66731
67193
60619
57846
56540
56078
54412
54957
55023
54844
54307
55494
55217
54774
94681
50262
39030
73185
62312
59562
57594
56747
51121
52539
53775
52904
53308
53382
54268
52891
55401
53835
89956
42286
63854
60111
56921
56473
55608
55013
55126
53955
54503
54105
54983
53733
55476
54914
92069
50333
41146
63284
59283
57883
55635
54804
55609
53379
54064
53439
54375
52618
54179
53594
54874
53341
89788
41804
62466
58747
56551
56610
55340
54151
54089
54907
54888
53425
54348
53124
55066
53580
90752
51932
41767
64143
60066
57674
56043
54433
54089
54639
54077
53297
53473
53296
54018
53831
54560
53715
86607
41109
44967
62239
58232
56503
55425
56139
55461
54400
54624
54973
54475
55544
54440
55321
87676
51718
