113007
58182
87700
80885
85374
82541
84757
79516
83467
81783
82589
82721
82977
82349
83625
82913
114140
78563
59938
82811
85234
84193
85743
80966
86088
82588
86571
83101
85324
82379
85272
83425
94712
95473
123265
56127
96859
98249
96133
93465
95494
95509
96276
96224
96857
95554
98047
78800
86838
91830
121742
86027
56394
94023
91434
88930
90150
90933
91437
91199
90420
78939
74330
76808
80991
85088
86934
84114
122560
61132
85888
86033
83973
86568
84399
86168
84278
84779
84274
85113
84171
84556
86250
82968
126721
81764
57576
86044
86375
88909
85313
89961
84358
88427
84463
87407
97421
97007
98223
94711
97592
97017
131238
54333
100396
99502
99135
100036
98388
99742
98260
100545
86463
84050
87974
82753
86898
84884
122830
80649
57033
89110
89866
88623
87585
86812
87272
86612
83175
82686
84908
80905
84884
82518
87606
80021
121391
56622
90021
86262
86851
84661
84879
84347
81115
82769
82583
81967
82155
82924
83999
81597
122667
80370
61972
87564
88521
84045
87645
83755
79237
82666
81474
80623
80854
81794
82215
80226
82785
82260
116432
60430
84622
83427
85233
83233
83732
88530
83930
86456
82931
86927
83562
84045
83832
85696
119286
83360
59903
86708
85897
86300
81728
83408
81861
82498
81002
84877
81461
84051
80415
85091
81265
85133
116147
61682
83367
83925
82284
82221
82654
80147
81340
82018
81602
80606
81305
83543
81313
85517
116194
84739
58903
88453
84013
80451
82632
78206
79710
80181
80872
78746
80436
79933
80684
80341
80612
81809
111516
62350
64384
84177
87467
81741
86547
82919
86043
80703
84683
82305
84325
83999
84006
83819
115554
81992
