113194
58054
86923
80173
83875
81863
83085
80165
81788
81675
82428
82215
82557
81928
83135
82874
115774
78416
60702
82626
86431
83691
86693
80766
85778
81811
85472
82658
84023
82538
83847
83734
95743
96431
124293
56065
98240
98864
98065
94779
97588
96787
98864
97057
99494
97636
91763
77369
86787
89418
121192
84623
51353
94143
91309
89216
90372
90920
90902
81822
73603
76382
73373
76322
80740
86723
86300
84117
122540
60064
85591
85060
83999
85731
84693
85750
83695
84810
84272
85119
83069
83956
85913
83762
126835
82986
57431
87769
85860
88803
85194
88683
84157
87282
84462
86073
94395
94687
95701
92127
95456
94532
128619
55063
98079
98231
97243
99232
95990
98943
95949
99152
86210
83695
87129
82322
85234
85270
122225
80619
57073
88667
89065
88141
87676
86702
86645
86916
84303
82940
86292
80777
85976
82325
87979
80555
120841
56058
88839
86840
86073
85305
85317
85016
82016
83729
84017
81891
83321
83651
85843
82664
124209
80990
61587
88544
89719
85262
88090
84784
79513
81332
81734
80545
80714
81871
82106
80855
83562
82177
118633
60259
86205
83803
86310
83178
83667
88063
83955
85378
83120
86231
84143
83486
84739
85840
120866
82925
59945
86744
86495
85834
81964
84684
81988
83287
80938
85501
80729
83970
80477
84645
81254
84314
116058
60601
83857
84339
81563
81962
82006
79990
80974
82367
81323
81256
81293
83850
81257
85943
115681
84416
59199
88779
82675
80003
82112
78941
80114
80026
80720
78531
80072
79959
80667
80802
79901
81522
111649
62833
64725
84764
88816
81981
87217
83755
86630
81610
84856
83615
84746
84122
84585
84837
116294
82366
