109198
62195
84942
87062
81798
87012
82746
85230
81710
84333
82238
83450
82310
83318
84392
83686
114859
77915
58661
84250
83709
85371
83859
85216
82808
86883
83052
86187
81709
85947
83604
85726
93157
90318
121264
56629
93660
93705
93643
92167
92446
92422
92170
92449
91437
93984
93090
89809
91104
77322
125675
84723
52028
92550
92688
89949
90739
91764
76672
75276
74706
73727
76778
73200
85376
83736
90308
82722
126359
56694
91415
85218
88747
84553
88052
84621
86021
79077
73226
71430
70544
71292
71104
70567
127760
80689
53426
86825
87485
73912
74643
71959
78628
70024
81707
69835
85800
89740
87854
86979
90198
87649
121938
56166
90425
90567
89676
89569
88446
88606
90429
89731
85127
89086
80720
81726
72357
82407
122484
84431
47641
90064
88568
88644
87560
76006
74137
74546
83134
84447
84379
84252
83870
86175
86317
86275
119677
61055
87102
89907
84460
87616
85053
87219
83814
84463
85377
84124
72981
70900
74187
69947
122739
81344
57789
89438
86884
88985
85884
89686
87211
83340
87011
82621
85354
84539
85869
84301
86497
84898
119439
56984
88254
87257
87318
87207
87068
86746
89269
85187
89085
73425
84652
70391
81870
69111
124672
82648
49790
89337
90001
88952
83469
84150
83909
82275
83051
83687
85008
83196
85165
82890
88478
70296
123953
55860
90502
86099
81410
83875
82838
82067
82627
71762
69438
69610
67787
70018
68921
70351
123547
79591
60502
86512
81549
86836
80953
83786
79875
83741
80776
81909
80755
81616
81752
81866
83178
81487
114508
58791
61771
86004
85035
84751
82656
86734
83614
86792
82782
86164
82522
85661
83177
85058
117781
81072
