109142
61989
83322
85407
81694
86035
81618
82740
80662
83965
80931
83591
81473
82722
82593
82851
113702
78560
58778
83781
83668
85033
83405
82078
82609
85849
82821
87178
82259
86186
82430
86391
91533
89468
119610
56938
93420
93053
92902
89015
91904
91162
91372
91950
90873
91963
91059
93082
91416
90079
126884
85183
59084
92514
93780
88274
90920
90748
91787
91350
90916
91004
82513
75489
83106
82614
89159
81271
126541
57629
89064
82222
87723
83830
87205
84177
85848
82846
84702
83938
82919
85026
85347
84044
126678
81631
58071
83335
86589
86142
87305
85751
87576
84073
87754
83568
96792
100977
98676
98889
98369
99632
132526
53511
102003
102134
101142
101813
100196
100195
100379
100391
82812
86694
84189
86346
83350
88092
120449
82238
56242
90317
88051
89003
86695
87025
86095
86969
81640
82375
82765
81956
81844
84367
84699
82690
118359
60939
86535
90581
83942
87111
83572
85984
81719
81850
83135
81843
82565
82731
84117
81531
121608
81081
58759
89065
85164
87186
84470
87769
83941
80426
84372
79768
82555
80783
82512
79817
83373
81824
117333
60501
84034
83331
83316
83401
86050
84576
87107
83720
87014
83513
87777
81667
87314
84218
122030
81593
60231
85686
86055
85411
81525
82580
82091
80919
82042
81716
83127
79924
84442
81477
85483
81480
120485
59728
87313
82528
79965
82879
81680
80694
80114
81362
80572
79213
80301
81052
81460
81645
117143
80204
62672
84337
80555
85179
79919
83024
78682
82356
79078
79268
79244
79979
79687
80736
79456
81138
110611
60001
62003
85837
84282
84619
82865
86426
83369
84580
82444
86528
82136
86767
81896
86118
113174
82313
