149349
47202
86806
90703
91595
90478
90601
90208
89679
90191
89816
87305
88864
89130
88386
90245
158860
86686
59607
91566
93863
90134
93150
90023
85559
89765
90926
88294
85262
85066
89261
90136
94631
92832
137921
57121
95835
94688
95866
89411
90816
88228
90921
90679
95697
92257
89556
91756
94707
97654
146426
95230
51127
97883
97872
97458
92925
97112
92059
94495
97493
89986
97512
89828
90447
96243
88381
96238
147757
57671
94780
94586
86761
94049
93166
91470
92666
93699
91694
91664
90479
94481
94252
90921
149219
95311
55877
92575
88375
91171
93585
93512
92951
94653
92286
87281
91775
94511
95143
87993
94729
88456
145045
51865
90970
98775
95718
95532
94278
92183
92756
95854
95438
95066
96840
96036
90516
96604
143846
90765
55191
99357
98994
95619
97293
98395
95660
97572
92821
92116
91120
86577
95443
86453
90692
92597
148944
56284
95983
87076
94927
94667
92633
92645
92021
94354
89906
94252
94743
93975
96235
94829
154013
92125
58839
86727
92305
95570
95030
93448
104331
102584
107499
107312
106197
106730
106712
106372
106251
106930
160750
52226
110975
103583
103858
106107
95151
99967
92507
99018
96738
98005
98122
98179
97710
99303
153404
95001
49893
101054
98886
98605
88411
97104
94639
97671
93721
98038
94746
96938
93919
96885
94838
94050
157540
50315
93808
95268
100354
102395
102908
97040
101430
102092
96659
97622
96128
103615
100776
102333
162204
96869
48212
96982
97393
99679
99842
98346
98644
98343
99107
97982
93310
97585
97433
95747
96643
99136
163660
57806
59743
103471
105909
102325
98809
96075
103046
101233
95983
101376
96501
93370
101049
101690
167662
99304
