152081
57980
90003
90678
89146
89131
90014
89109
89983
88647
91153
86648
91344
83038
91432
88166
149337
84929
49622
85551
89142
89880
89366
89521
82877
83908
83335
87524
88998
89004
83811
84075
90028
96294
140671
63032
93041
90598
86788
89299
91547
93855
92082
85223
87045
87966
86008
92265
94892
97769
146035
96860
58156
98980
97140
93937
90162
95182
95332
96987
94269
98036
88138
95989
91404
92793
93473
92940
147438
57752
94494
93105
86916
93720
92407
91671
91097
93678
90075
93882
88473
88158
95499
92518
149011
90326
51892
86739
94005
93624
86561
91258
86915
86516
92107
92114
92819
93608
89913
93458
89875
87912
146084
55803
99306
95464
97493
86132
95035
93530
86596
92376
91549
94965
94883
95364
94627
96121
147973
94235
59166
98221
94660
95358
99418
90728
92125
94314
88860
93674
91494
92613
91067
92223
92210
93642
142029
57487
94011
92197
93619
93264
93084
91613
90780
95762
92900
95655
86440
95727
93002
90737
148071
92782
57244
93342
93677
94624
92584
93034
103019
105353
104831
105642
99789
106144
100405
106714
103525
103242
152454
51110
99412
101629
103622
104977
94668
92187
93943
96374
96560
96802
97971
97579
96741
99291
152450
92357
56795
101525
97115
100132
91167
93782
96711
93364
90245
88942
89800
94437
93834
94570
94936
93161
155836
58225
94637
95368
100166
100633
102888
99766
102765
99139
98672
94298
101799
94802
101682
97780
161820
97630
57065
98934
96789
99185
97822
97821
92599
92643
98840
97296
93743
96800
99410
94421
99248
96370
160569
56539
48705
102319
100351
100631
98803
99658
99084
94452
98670
94089
99646
92739
99163
99527
166209
98518
