148782
58362
89801
90564
89049
89187
89829
84102
90365
89513
86195
81767
85748
88431
91952
88096
152762
91240
57811
92914
88992
91105
89316
85195
83840
83611
88904
87819
88548
89292
89467
89801
85438
92346
136382
63181
92976
96434
87456
90872
91743
94759
87627
91739
92033
92754
91711
92232
95265
98155
145720
96452
59363
98886
97827
94929
89939
99581
95651
97450
94493
99128
93732
97333
92662
86088
93582
87726
143086
58460
88141
92523
92957
92939
92207
91673
91244
88014
90104
93151
94371
91970
90690
92957
149804
86083
59599
93128
94235
93323
94027
91170
87199
91736
91279
90832
92579
93325
94911
92910
90141
92851
145816
57152
98462
94276
97118
91144
95178
86437
87062
91963
91259
94741
94707
90907
89886
91477
147625
94492
59821
97678
94123
94513
93702
95324
97920
93829
83429
88526
91738
93273
91432
92521
86950
88248
146016
58340
94103
92632
93512
92859
87763
91328
90726
95770
92682
96196
86281
91087
92261
90773
147813
93068
58095
93382
93539
94235
92385
93138
103601
99622
100442
105648
104641
105947
104631
107116
98882
108350
157240
58951
105608
108383
103575
100087
90535
97010
97903
96965
97027
96962
97688
97563
97157
99651
148084
96266
57304
101455
97477
100426
90440
94249
91688
94209
95450
89495
95036
95078
94766
94444
95019
88706
155533
58803
95245
95442
96335
95001
98365
99878
102697
95499
103137
99866
101894
99155
96915
93509
157117
94441
57062
99412
97135
99218
98434
97861
92332
93425
94172
97368
99197
97005
99971
94340
99799
96733
160621
56699
57468
102669
95398
100206
98511
99567
99038
99885
98541
99199
95116
97376
96477
100229
166764
98387
