148926
52866
87734
90607
92772
89106
92754
89131
90699
88689
90170
86958
88603
88583
88892
89041
157554
86691
56439
84354
84865
84627
91343
79987
77929
76620
82405
73483
82331
74718
80885
73579
94305
91982
140053
57382
93302
94055
88638
94008
92964
88772
93323
91152
93257
92548
93818
86873
93899
100032
145217
97694
50854
98098
96576
97784
95830
97035
95815
94178
95239
95692
89752
95464
85413
94475
93770
96053
143834
59737
94171
96699
92682
96267
92381
92638
85509
94305
90897
86335
90411
93305
93738
88623
148902
87197
56025
95836
94234
96437
94040
94293
93079
97117
91379
95551
92592
93534
95731
94166
94230
88385
144860
49971
89081
96191
95692
92935
94911
95840
86871
94193
90102
94830
98487
94594
97911
90891
150346
93037
55873
98460
98274
94774
97306
97654
95662
95354
84732
86155
88298
92182
88849
92105
95942
92283
150793
50713
91807
91605
96636
93736
88986
85983
86003
94787
94359
94041
93460
93994
88565
94469
150605
92334
52919
93416
91055
96036
91514
92995
103331
109455
106415
108089
105253
106483
105999
100806
100666
106953
155591
46726
102716
103843
106165
101382
94901
93558
97284
99456
96370
95653
93459
94741
96843
99869
152105
94886
56007
100280
97148
92226
92294
94315
94371
89918
89521
95421
94400
96291
93881
97494
94454
96324
155996
60791
93403
95825
100419
101975
101856
95175
100953
100359
95947
100629
95781
100629
100296
99295
161536
99840
54871
102558
93028
98940
101496
97798
99659
96897
99019
96753
92092
97157
97586
94723
97311
97371
163030
54991
58461
96599
104468
102592
97400
101561
104153
95386
98270
100663
103111
93141
96613
101440
167212
99603
