150090
48462
93471
91287
93466
84465
92930
89357
91933
89727
85981
81601
89011
88999
84518
76279
157817
86510
56288
91504
90838
91172
90912
80366
76130
76719
78935
73769
76850
69518
76532
69323
94136
92898
140749
50753
93765
88571
94145
93961
92794
93973
93246
91046
93083
92693
93133
86344
94462
95966
140461
97930
56308
99672
96830
98487
95803
97266
96407
94270
96110
91033
94494
95557
90725
94046
93976
90315
148179
59359
94457
91449
86708
97070
92550
93498
91872
94727
91373
92891
91160
86873
94154
94072
149205
91693
56983
88842
88468
90221
87292
93360
87998
91383
91985
95346
93635
93846
96547
87843
89638
87400
144558
54665
97419
96559
95775
86940
94853
95356
93072
93162
93992
95498
97965
90427
92471
95922
151409
93367
57274
98911
94320
94649
97685
97516
95844
95499
89584
92628
92882
92548
92171
92924
94421
92964
145643
55503
97941
91928
97440
94014
89606
85924
85689
95339
94346
94258
93969
93937
94182
94956
150634
92618
49563
93744
96870
96208
95484
87611
103930
110132
107022
109484
105514
108448
106222
101734
100973
107140
155782
46972
102848
109863
106496
106612
95270
93437
93666
98550
96946
95373
93244
100700
97131
101500
148186
96576
55220
102546
92034
93602
92646
94263
90854
94500
90403
94477
94995
95465
94564
92274
94884
95451
153359
61203
93347
97483
101654
101725
99022
101702
101602
100921
101353
100820
100534
101216
101404
94372
158064
99289
55112
101685
97824
99647
97510
98535
96092
92667
100568
97324
98893
96906
98245
94648
97260
98073
159488
49282
50496
105304
103387
102902
102419
102050
102919
95873
96625
101861
103856
98433
104399
101779
169247
98982
