149664
48542
93137
91500
91971
90413
92247
90034
92052
80276
78047
72454
80338
71792
78909
72531
152793
82766
56766
92420
86028
76865
74840
75770
73853
75936
75088
74085
76689
69839
79971
73329
95118
95140
136508
59096
94119
89089
94411
94952
93293
94090
93502
92050
93466
93296
92301
92352
95014
99303
146057
98172
56297
94670
96922
100235
95614
93203
95895
95231
96021
96845
95368
95418
91364
93692
94787
88663
148536
57808
94864
96004
93962
96712
93459
94094
92313
96557
91817
93912
91781
93080
94786
94482
149192
92145
55893
95373
95283
94868
94744
92828
93557
96036
93125
95090
94831
88475
98315
93829
96807
93788
146487
54725
97423
97121
96566
92617
95192
95704
93687
87973
94156
96035
96957
96556
97363
97078
147358
93578
58083
99242
95553
95600
99773
97223
91458
96020
89782
93525
93309
92982
87589
92860
88159
92906
149002
55438
91136
92126
96931
94521
89705
92480
86324
96738
94080
96113
88055
94768
94381
90688
151166
92864
55253
87112
96563
96457
94556
94338
104767
109854
108228
110283
107088
109011
101962
108674
106259
109137
159580
51744
103185
110166
106689
107386
95951
97640
98418
97740
97200
98409
98090
99521
97628
101755
153431
97198
54930
103467
92084
99801
93295
90144
95260
94480
94483
90106
95411
95457
94726
91550
95745
94463
157315
59497
94433
92044
97561
97464
105143
101578
103052
100801
102447
100691
100874
101099
97039
99045
162486
98986
55406
101336
97575
100076
101033
98966
99887
97698
95696
97785
99832
97085
93796
94718
98509
97318
163862
54348
57256
105214
104299
103562
96273
102084
96584
97054
101817
101836
103177
99282
98123
102333
169783
99622
