151933
60966
88869
92413
87950
89614
88364
89175
87884
89024
88437
81577
87919
88841
88501
89058
153456
90053
58123
93241
89151
93082
84025
87385
87959
91614
88168
88635
88066
89221
83357
89530
91266
93580
141143
53041
92998
94040
93705
90398
92640
95377
92233
94040
91372
95548
85486
94286
96234
92564
145513
94798
58481
96269
97368
96788
95936
95924
96313
94239
90843
97174
94591
97038
89369
92113
96377
92114
149814
57305
89267
92701
93465
92086
92252
89511
85888
90878
90552
90089
90378
92026
93473
93109
149219
85492
55413
87227
96925
92723
96453
89560
94337
90629
92339
83717
84449
87556
92912
93531
86410
93306
142014
57200
95874
89312
96111
92334
95137
93207
95281
91487
86544
96177
89425
95874
93178
96010
142627
94423
57136
96937
96248
94406
94995
95229
95191
94296
90079
95017
92183
95177
90541
95278
91206
95864
145205
59577
92957
92431
92535
92447
85296
90993
86212
92569
93032
88314
92231
93811
93176
96099
148562
95106
57275
96214
92843
96576
92003
94081
99775
104210
100219
99361
104359
103911
104557
104064
103999
104942
153618
57516
105983
107015
104139
101377
98413
96544
100728
96293
98858
96380
98649
96874
97299
98169
152202
93908
57505
98065
97158
96548
88931
94906
96227
94317
96183
94163
97830
94155
97145
93786
97226
92548
156380
57665
94891
88642
98155
100510
95503
99980
98914
99959
100821
100285
101068
100100
102182
98563
163005
97686
54358
92289
96550
100719
97090
98602
96188
97254
96733
97256
95973
92487
96585
95021
96509
97323
162618
56916
48645
103199
99813
98412
97906
101536
98626
101108
93652
100201
98763
97457
98378
99913
165052
98371
