179227
56710
80264
86676
84996
87314
83317
86273
83246
86350
82997
86525
80885
81493
81830
86418
184037
84686
55687
87172
88346
86637
86471
85942
86162
86493
86307
87633
83687
89852
83687
84918
92947
92846
149098
56838
96393
87324
94425
86418
87891
91310
88485
92187
91660
94140
91187
95251
91029
89576
150604
92418
60478
95235
91370
91681
97196
91723
95675
92437
92142
93360
86387
93552
81278
87247
92297
92597
151000
57336
94664
91303
95573
85977
90111
91087
93131
91551
92212
86250
95216
103053
100439
102169
157849
100939
56474
101653
101701
94024
97153
94763
94176
96479
100651
101216
96482
100160
97159
104767
100967
105429
167833
54504
103469
97256
102091
103973
99231
98751
94026
103340
88788
91713
94506
96479
94307
99154
158856
96134
55661
98930
95613
97478
92276
97179
93080
97125
97381
101639
102938
101071
101649
101977
100621
101383
163078
58877
103392
100794
98459
106548
99267
105395
90944
93230
95321
92977
95330
93180
93781
92354
156651
91052
57347
96074
87234
97135
92645
97345
96018
97578
101788
91173
94637
96608
98806
89729
98666
91291
154380
56218
92259
99942
91373
93643
100972
112110
111895
110392
106582
104735
110893
107590
107824
107987
171406
107238
55120
106370
110490
111225
83353
90033
87550
88988
87318
84164
87238
87311
88348
87333
89598
83200
173429
55754
84742
89683
98391
108235
98295
100762
102712
104865
101550
102946
102021
103393
102603
104603
185843
103242
54062
106808
85106
92139
88079
84917
87234
90572
85466
82571
85784
87520
81062
87243
85275
89387
164695
57353
54798
113374
119274
118684
113499
113859
116536
116276
111391
112984
116265
118621
112962
120446
193222
119414
