175951
57037
84522
86221
78067
85748
83316
83626
83126
78739
83819
79313
82078
84986
78492
85314
180961
88352
47276
91061
86496
90456
84509
87090
84673
86576
84922
80488
83473
87801
84098
88028
90650
88793
146121
59206
95273
97202
93619
95113
92612
95740
88324
96386
89516
96147
89706
95711
89615
94075
147277
92786
58007
95799
94917
87194
94766
93736
89523
94857
91233
96351
91076
98283
89514
90398
90255
91197
150939
57108
93519
91142
92935
90960
87025
90935
90203
86918
84724
93009
97593
101475
102844
100943
156485
93401
59439
94515
104288
98689
102728
94687
98713
100259
98802
96469
96750
104023
101978
103108
102484
102484
169453
54237
106107
102254
106019
101902
102214
96492
102091
101565
88003
95887
93582
94740
93827
96263
161922
89812
56328
96506
97127
95850
93860
90535
89667
95771
96429
104842
96009
104035
100245
103369
98624
101754
161344
48416
102717
103208
98504
103584
94597
103042
90145
94956
89692
95516
93711
96661
92935
95887
154647
94798
56783
98160
91628
97316
91412
95910
93344
93193
99223
96777
97970
96947
91232
96363
97109
93529
156470
59419
96460
97097
95354
102151
108292
106313
112845
109483
111271
109592
109684
103800
110532
108949
169215
104834
53764
113656
109819
113506
85454
82356
90422
87349
85597
87580
89981
85457
83828
85424
84489
87356
170818
56183
82357
84937
98961
106539
99772
104034
103340
98964
103038
101015
104426
100884
100737
101997
187199
97132
54925
104840
84302
89816
88115
88490
80652
88189
79971
86762
86444
81121
87799
86389
86179
87854
162190
56660
53490
121709
112000
119088
115492
118382
113957
114662
114779
115273
115094
116301
112352
113437
192234
116506
