174858
48219
85894
86067
84415
85780
83910
83349
80393
84090
86305
83647
85175
84704
86610
83883
179321
82552
55188
89360
86797
82145
80083
85950
85934
86058
85810
86741
84468
87173
86243
87651
89714
93102
145106
61403
93735
98709
91704
94519
91445
93685
91854
87543
89816
88833
90268
95038
90263
89679
146662
93972
57573
92186
94154
89839
93500
96397
92757
96450
89727
97201
90869
89541
82242
85639
92280
91234
149612
57353
86607
90790
92609
91805
87066
93084
89976
94918
89756
95737
99012
100129
103374
99701
159283
98247
57292
99121
96240
99572
101912
99382
98068
100146
98429
96470
99151
103329
104233
102012
104570
102257
171369
54705
99649
101036
99631
95378
101353
102448
100921
102309
88575
90524
93761
94992
89650
95802
163194
92576
59312
95224
99666
95126
96206
94952
96450
90362
95682
103647
100814
96620
100251
102290
99614
100420
161084
55820
103249
102917
100621
102999
100956
102295
83709
93152
92934
96918
92784
96176
91811
94316
154796
91903
57481
96414
91989
96459
86496
96101
93610
94218
98287
98979
91377
100337
95441
98702
96357
99480
155196
58494
95178
101258
95457
100048
107565
111622
112574
106209
111182
110040
104820
108615
110271
110440
168754
110191
54370
116281
103110
115622
86558
87486
90605
86727
88377
87348
87990
86083
88245
80424
89329
87584
170680
57403
88238
92036
101000
104265
106294
102493
105442
97635
103822
94542
103964
99496
98919
101669
185217
101284
54334
105258
85461
90139
88890
88368
88159
87442
88109
85639
89366
85222
90006
79716
81703
86988
160391
56520
54282
119485
111527
117647
115356
113049
113932
114251
114647
113857
115648
114460
113297
116838
192614
115523
