179208
47355
80605
85068
79633
83905
78768
76729
78207
77304
84489
84492
82757
81022
83400
81986
184715
85274
59046
87027
90159
86445
81727
84488
81167
84819
80945
84527
85546
86406
78506
86358
90394
95180
147734
57550
97031
94812
90782
91612
96654
90970
96884
90972
92497
91707
92623
93042
88706
90952
143562
88614
49835
97403
95259
87283
89939
93175
96427
93709
89084
93336
95635
93681
81143
94107
90319
93639
148952
57683
91928
85958
86548
86402
91659
92599
89710
92733
91584
93094
90497
103870
96109
98961
157687
102885
56558
102856
99946
95894
94942
101190
97043
102323
97625
102049
98809
102918
102847
97939
97055
103784
168944
56988
104064
105372
102237
100158
98710
99986
98702
105316
89580
89589
95492
89116
95930
94940
160343
88124
49748
90014
96926
97283
93546
99135
93161
99478
99683
96678
99666
100144
102784
99991
101316
94188
163388
47655
104725
96042
100260
102085
100122
103125
91090
94742
96529
87908
97048
92971
96262
91975
158066
89918
58000
93971
93912
94883
93043
89778
93498
93903
97489
98019
98271
93603
93479
91639
94931
96664
160030
49511
93986
98841
99553
98049
104359
107460
110383
106488
108936
107198
104109
109135
104498
104763
169289
108326
55255
113289
110539
106807
83702
92012
86975
90812
81399
90005
85420
87611
83209
87347
87452
89059
170381
55911
87482
91610
100438
106006
105065
104583
103248
106297
101566
103905
101489
104372
101806
100497
184204
104154
53031
107469
85888
88226
89209
86791
88288
87777
86885
81168
86686
82049
86519
89115
84433
91046
163874
59183
55517
114169
115250
116522
118093
116733
116046
113730
116980
114161
117109
111638
113365
118164
193744
118008
