111886
64644
82084
85825
79410
85616
80003
84220
77558
82571
79375
81034
80113
80978
80599
82171
114159
81540
61315
84899
82876
85474
82935
86012
79859
86004
81527
87011
81598
86118
81845
85806
86452
85805
117239
61163
85449
86710
86871
85175
82949
85353
85255
86541
84561
87068
84916
88225
96103
92597
127908
89650
61430
93236
95037
91713
88821
91215
92115
91542
91227
90865
91651
91455
82592
82145
85025
83300
132142
59931
88199
83129
83991
82648
85629
81953
84399
82068
83704
82403
82685
83803
83201
83679
129435
81161
61849
83565
82352
83407
85615
82546
86570
81939
86429
82072
84180
87383
83317
84957
82782
84948
118189
60622
82145
86034
85366
85163
85043
84736
85617
84005
104343
106841
103696
106879
101198
107016
136820
104920
55261
107773
104361
104771
103395
104450
103546
104247
77335
79600
80388
81001
80142
82286
82164
84324
144291
62198
84430
86877
82508
84938
81715
84210
82993
82924
83554
83150
82498
83231
84028
84482
147379
80954
58998
85572
84332
86205
83660
87005
88873
84251
87400
83240
85091
83698
85087
83804
82649
84101
122822
61571
86847
85408
85271
85740
86993
86086
88089
85154
87914
84822
89458
84856
86361
85298
126429
83577
61499
86707
87081
85841
84471
85127
84532
84493
84055
84507
85983
84188
84250
83957
87324
84261
125519
60377
90095
84925
82517
85164
82207
83828
81965
84380
83041
83676
80739
83716
83402
84380
122597
83208
63714
85745
82981
86377
81383
85650
79551
84385
80743
82786
78114
81581
80759
81311
80776
82291
116014
61092
60807
83192
82215
83145
80969
83850
81274
85617
78515
85190
80316
85332
80269
84617
116335
82322
