78216
42880
62895
58801
57438
56194
57172
55307
53996
54532
55330
54331
54616
54722
57165
55620
91215
49803
43083
62898
61163
58155
59643
57150
55596
55816
56495
56270
56581
55354
57189
55839
61427
53686
85840
41876
63639
61291
62063
58787
57601
56392
58612
56741
57156
56220
57898
55962
58437
59741
90951
53589
40720
65739
63499
61557
58018
58853
59770
58036
58475
56662
58864
56772
54349
56228
58075
56024
93528
40994
65348
62751
57371
58486
57612
57499
56200
56231
57490
56251
54818
57473
56684
58396
98813
52150
41254
64859
58527
59452
58725
58203
56451
56986
57318
56542
55812
56468
56372
55744
60324
56023
87590
42332
58964
62094
59896
59960
57097
57349
57215
57435
61316
60504
61162
59247
61114
59029
94054
56002
37212
67079
67111
64614
62163
61689
61008
62365
56318
55611
56727
54928
56152
52195
51235
47183
113441
38281
66743
62065
55093
50268
53116
49723
48175
49231
52444
48386
53192
47893
53978
47273
117148
51216
40296
62358
55028
51511
52811
51123
57374
58420
56922
56872
55951
56270
57466
55649
57833
54790
96272
40190
64912
59393
61472
59252
57764
59600
57356
57796
56905
57096
56441
56619
56459
56544
96825
53125
41044
63006
64496
61097
58833
61016
58241
59109
56957
57582
57006
57540
55245
56798
56034
56870
96339
39696
65850
65380
58519
59187
57551
58333
56246
57545
56577
57273
54929
56196
55077
56476
97493
53327
40002
68040
61772
60985
59654
57778
57002
56445
56487
56514
54555
55824
55298
56564
55713
56050
91325
41703
47423
65849
62209
58855
58608
57080
58067
56277
55459
55336
56179
55698
55758
55602
93922
52417
