101210
56329
81395
77526
78676
75987
79955
75804
77109
75238
77616
75494
76323
75546
78933
75876
109290
75912
57280
81060
78459
79367
80882
79003
78943
78419
80768
78099
80887
77043
82354
78016
79920
79559
108312
57067
79752
81789
80883
80993
77583
79772
79662
79550
79266
78285
81164
79003
85940
90357
117799
86807
53014
91683
89131
89696
84917
86927
86681
87748
85693
85938
86258
87324
76968
78509
79383
79650
124519
56609
82851
84611
77497
82230
78552
81884
77700
79338
78458
79443
75880
75833
77677
76400
125840
73015
55703
79926
76602
78308
77530
78476
76836
78254
76288
79859
79443
76490
79727
76647
78914
76985
109229
55737
78731
79164
80009
78770
78509
77535
78595
79139
89497
88920
90524
87739
89533
87330
123116
85557
53070
90453
92957
89641
89832
87568
89739
88711
76587
78552
78009
77329
76837
77008
79692
67409
130429
52016
85531
80258
82444
78081
81703
70404
77014
67815
65756
66461
64417
65914
65749
67378
131769
74829
54184
81181
80257
78284
81127
79508
76763
81518
77630
80391
75517
78919
76984
77990
76712
77295
113432
54919
80104
78974
79488
79679
80355
81868
80715
81750
78711
82407
79658
82894
78132
82319
116431
80078
54074
82986
82743
83596
83422
82945
83192
81789
81274
81987
82168
82192
79692
82536
81584
83501
119122
55360
85397
89071
80120
79158
80523
77958
77623
77272
79177
77813
76393
76886
78158
77767
116605
74937
54355
85062
80281
77632
79918
75958
77568
74782
78108
74976
75230
74312
75621
74873
76619
74413
112072
55516
58940
80057
78106
77270
76218
76708
78410
76465
77210
75681
79050
75495
78630
75467
114495
72547
