111519
65099
81923
85306
79894
85387
80563
83697
78664
82497
79711
81476
79924
80687
81022
81918
114689
81863
61594
84245
82289
85211
83609
85397
81153
85907
81570
86608
81098
86058
82333
85865
87098
85680
117607
60688
86063
86929
86794
85517
85127
85544
85451
86381
84987
86863
84988
88446
95048
92110
127284
89998
61419
93441
94764
91853
91017
91220
91633
91287
91681
91016
91604
90996
82435
82148
84362
82831
130656
60046
88200
83110
86158
81952
86281
81384
84283
81675
83929
82961
82571
83715
83452
84270
128673
81079
61355
84217
83895
84074
85182
83088
86303
81751
86940
82649
82554
86322
83333
84472
82386
84118
117617
61080
84324
85974
84621
84660
84298
83850
85185
83970
90718
94040
90147
94021
88521
94038
124723
92080
58215
94751
91716
92035
90644
91093
90557
91052
81282
82606
82568
83263
81889
84579
83237
86597
128123
63981
84763
88269
82893
85832
82965
85560
84753
84681
85048
84475
84184
84754
85832
85228
131308
83770
60054
87849
85716
87818
85096
89140
88803
84349
87613
83649
85341
83218
85003
83778
83425
84420
122981
60309
87065
85714
85729
86544
87055
85358
87509
84877
87442
84399
89142
84119
87308
84418
125443
83466
61168
85848
86800
86001
86033
86474
85896
85859
84814
85858
87400
85309
86725
85203
88834
85063
126494
59739
92016
86691
82669
85361
82913
83862
82181
83373
82923
83658
82529
83532
83823
84384
121948
82278
63848
85997
82766
86678
81657
85189
79550
84134
80762
82781
79574
81508
80468
81217
81219
81940
115607
61594
61647
83958
82156
83402
80288
84425
81543
85126
79966
84874
80236
84308
80324
83853
116097
81410
