115960
62165
83705
85420
81499
85811
82346
85492
79192
85987
81571
85565
81248
84492
81583
84380
117059
80747
59709
86429
84297
85188
84871
84618
81058
84718
84615
86525
83640
87355
83934
88561
87173
84021
118753
59386
88102
87607
87553
86237
83244
85735
86506
85941
85746
86069
85827
85775
92882
93810
129832
90390
61470
96210
98137
93071
92187
92585
94888
92619
93720
93037
93583
92940
80615
82557
85341
82605
129780
58096
87529
85444
84321
84536
88195
83894
87799
83589
86863
83675
82703
85353
84980
84913
131413
82236
58521
86223
81877
85280
85516
84737
85218
84239
86263
84472
83515
88458
85039
88117
84617
87249
118964
58895
83634
88479
88122
87290
86079
87082
86144
87290
103974
104111
103798
104588
103004
104570
138356
104798
45820
109263
105739
106668
104244
106189
103988
105265
80891
82515
82914
80956
66991
66278
69052
66410
144308
58068
88012
76072
69702
77034
68225
76910
71589
65590
71738
67204
67948
68064
70165
69200
149589
81904
58496
70998
70863
69291
69543
70393
89209
85254
89056
83863
86980
84311
86633
83744
85479
84086
123399
59233
88089
86725
86396
85884
86160
86070
87119
85924
86816
85671
89127
85826
87969
85387
129457
83880
62007
87326
88678
86487
83831
84901
83890
84280
83208
84240
84539
84450
83151
84076
86070
84682
125562
59983
90001
85421
84624
88467
84927
86416
82816
85234
84831
84495
81987
84831
84321
85745
122517
83510
60562
87964
84472
86178
82434
86056
80410
85586
81423
85127
79033
83473
81044
82661
82152
83182
118085
60129
61550
84803
85215
85023
83076
85169
84339
86056
81321
86807
83177
87226
83284
87932
121353
84572
