112192
61770
83462
81543
82292
81146
84690
80419
82588
79853
83766
79610
82964
79628
82721
81063
114036
82594
61361
83901
82200
83957
82941
82907
82089
82257
84725
82315
85505
82066
86803
82808
85085
89280
115449
63081
84823
87375
85845
85737
83069
85012
84221
85165
84504
84788
85653
85332
92119
95365
123897
94659
58977
97552
92143
95208
88354
93530
90245
92436
90311
91005
90724
92132
81763
82137
83229
83662
128236
62632
85072
86405
81211
86381
81910
86617
81495
85996
82053
85448
84356
82483
83952
82867
128602
80489
60617
83532
81370
83613
83020
83757
82447
84541
82475
86153
87478
83451
87395
83024
85222
82900
119565
60474
83268
85085
85034
83774
83887
83394
84096
84268
99616
98826
99586
97356
98265
97489
135749
96555
61904
99449
102048
97644
99772
96807
98398
97460
79114
81225
81303
81960
80793
82305
82689
83002
139017
59180
86321
83239
86036
82111
86467
81819
83063
85669
83392
84660
82375
83932
83694
84802
139458
81683
59602
85008
84618
84156
85525
84088
84567
88201
84025
88285
82883
87874
83328
86526
81369
85651
121378
60907
85853
85537
85284
85246
85278
85467
85665
86459
84299
87576
85241
88334
83302
89971
123038
87892
59519
89531
85689
87812
86448
85335
85910
84739
84410
85180
85579
84975
82932
85536
84617
87288
122107
63975
87899
90848
86965
82786
86625
82418
83714
82196
84065
83131
81813
82642
83515
83934
121192
82146
60826
86858
84885
82878
84746
81482
84085
80603
85215
80047
82392
79879
82788
80051
82293
81579
116113
61670
62243
83324
82885
82646
81730
81810
83967
82115
82548
81607
84824
80798
85537
81866
120725
80345
