176886
57394
79067
87466
84734
82213
82748
86157
82491
85491
82890
85657
81002
85880
82190
79506
181840
84893
56814
86682
87807
87586
86289
86247
85822
86765
85838
88019
83186
89683
83498
84135
91533
92655
147321
57597
96149
88687
88084
91814
87937
91287
93834
92373
90372
94306
90881
95257
86568
94179
150168
87156
59935
94516
96909
92155
95494
86239
94180
92303
92133
93282
91857
93432
87085
91583
87221
87481
146287
57316
88437
91047
95371
90519
95481
89937
86056
86365
91364
91395
95450
102107
94585
96374
154142
100479
56808
100252
102302
100470
102132
100524
99822
100535
100728
99923
96386
105803
100765
98443
100597
97685
167746
46856
103043
103447
102370
103323
98755
103296
100368
103079
89308
95825
93846
97255
93837
98898
162089
95076
55312
91052
95381
96262
86531
97281
92765
97334
97128
101184
102727
101587
101511
102326
95422
101159
161889
59077
102593
105664
98051
105401
98407
104395
91117
93201
94610
93349
88583
93492
93066
87807
155939
91587
57859
96314
92499
97625
92665
98177
96583
97134
95576
96263
99623
95902
97817
95487
92922
96308
157551
56811
96790
99631
97131
99089
106920
112158
112467
110495
111964
109666
111501
103844
108325
103651
166803
107805
54856
112040
109578
111758
83353
89749
87442
88971
87534
88192
87478
86422
88920
87532
90073
82860
173964
55886
90877
90262
98542
99763
98854
99116
97920
98971
97409
102536
101742
102376
102037
102888
185473
102742
55609
106236
84714
92998
87802
90682
80747
90271
84820
87403
85348
86548
80872
86902
84516
89170
164020
57086
46108
119379
118293
117466
116836
117556
114703
115839
111149
116285
115081
117445
112293
119204
191426
117754
