179481
56017
85773
78543
79095
85743
84701
82999
86183
82689
86697
82922
85675
83591
85618
83976
183214
87049
55619
88391
86498
88946
85142
79274
85513
85681
86090
85943
85168
86818
80924
87252
88818
98751
141000
60854
94040
92063
86798
94048
92275
93127
88216
93878
85037
94837
90649
94738
89059
96170
148013
95196
50151
99182
94396
96784
93308
96687
92907
96378
90014
96527
90740
95455
81809
85627
92789
91348
150657
50240
93457
92473
93476
93097
93216
88621
84299
95940
89698
96142
98180
99999
103273
99995
155697
99345
56400
99446
102929
99434
102246
99513
98586
101759
93671
102114
98796
102785
105183
101063
105212
101490
171865
54043
106733
100638
99248
95960
95299
102166
95416
102521
88514
90545
94972
94784
95843
95837
165434
92856
51636
95260
94359
95220
96364
94795
95945
95025
96185
103543
96378
102217
100477
102473
96112
101513
163185
56447
104331
103387
95544
98662
97590
102261
87948
97682
87697
96710
92865
95822
91527
93803
151692
92338
56986
96740
92036
96908
91982
96071
94008
100396
98660
99913
92449
100579
90983
99426
91512
99796
155767
57797
95462
101679
96107
100345
106221
105792
112335
109280
110656
110368
108799
109066
109450
105270
164911
110479
53318
116167
107911
115299
86035
87662
90618
87511
89359
88262
88553
86525
89090
86505
89493
88311
167636
57790
83138
92513
101747
99793
102372
103623
106940
98562
104868
100907
105538
100807
104574
103042
182840
102791
53685
106566
85596
90107
89370
88510
89608
81959
88314
85694
89597
80373
90237
85698
82726
87173
167491
56174
53799
121999
118708
120042
117662
119641
115820
115972
117637
116204
117807
112484
115480
118989
196817
117774
