174748
54557
89218
77439
88318
83591
86429
81497
85455
81208
84615
82523
82707
83447
83402
83818
177973
85846
56844
87825
82906
87177
87967
84849
88471
84064
89568
84091
81692
84794
86528
79993
88001
95738
144717
57766
93762
96648
86516
92610
93497
92304
93997
92713
91966
92797
93696
87463
87619
98956
145232
96012
56685
98718
93282
94126
92975
94147
92465
94290
84890
95178
91319
94576
86379
92983
91465
94277
148313
61399
91200
94690
90800
87808
90636
93118
83117
93016
89289
93458
96918
100272
102349
100446
158287
100040
57302
100907
95630
101852
100916
103124
96405
103880
96485
103960
99777
100905
97603
100671
96812
101350
169101
46722
105889
100979
103908
97296
99540
103910
100294
104000
91709
92534
97435
93208
97687
93493
164362
90954
56411
94132
97347
89602
94372
95148
94242
94755
96644
97566
97187
101389
97543
95610
102028
98725
160093
48229
106026
100478
101284
96643
100882
100844
88443
96046
92505
88898
92683
94754
87043
93684
156357
86907
59160
88405
94436
95216
90606
93498
91682
101195
96050
99374
95939
97919
94971
96388
95646
98287
155605
57190
95510
100001
97003
99404
105571
114297
110819
113190
109027
108796
107117
110887
108006
111249
167032
104723
53482
114540
107870
113964
84222
87248
89039
88043
87862
88891
81198
88562
86991
89355
87119
86151
170289
58482
86227
93505
101073
103322
105580
102106
104476
101584
102984
99879
102714
101358
102462
103020
182169
98575
45771
108151
88552
87538
91790
86432
90354
85859
88025
84915
87467
79851
88113
85331
86217
86894
163819
49912
54912
118659
118092
111552
117204
115796
111518
112821
117351
112656
113483
113501
114011
111830
191829
114713
