179140
55703
86387
86679
84783
86395
77376
85619
83266
86259
82429
81254
80930
87385
81568
79961
179622
84172
55587
86655
88130
86443
87104
84500
80370
86106
86152
86789
84554
89400
78995
85256
92796
93467
149599
49569
97676
87169
88282
91461
88329
86482
94011
86581
91417
88740
91446
94687
90800
94997
149756
92841
60807
88844
97500
91414
97627
91202
96045
91791
91920
93007
87237
93185
81346
92138
90994
92980
150670
50080
94127
91785
94616
91243
95799
90445
93247
91467
92693
91374
95239
96584
100363
96903
154923
100822
56299
100442
100729
100724
101335
100268
99031
96680
100012
101495
96147
106712
100996
105192
100904
105500
167846
54605
103140
103752
101984
103736
93396
104311
99255
104244
88976
95525
94615
92392
94632
97884
162633
95866
55329
92032
95080
92672
91647
97511
92491
97349
97821
101052
98338
100730
102285
101494
101169
101233
162531
57918
103731
105011
94508
106267
94531
105697
91047
92888
95972
93268
94439
93235
93393
92083
152465
91077
57080
94983
92620
96515
92656
96811
95654
93056
101795
96868
100240
96426
99027
94924
99068
91319
157522
56530
97935
99284
97320
98361
100922
111967
106514
110833
111238
105557
110323
107759
112061
108127
171443
103604
55733
111259
110725
106907
83524
83740
82341
89091
86953
88899
86494
87279
88163
87098
84184
82716
173036
55986
91543
89590
98899
107765
103129
105885
102832
105277
101630
102917
102077
103207
102896
104292
185613
103569
54320
107302
85694
91568
88745
90693
86654
90246
80355
88380
85557
81682
85594
87865
80166
88848
164316
49107
54117
119452
114867
118534
118066
118554
116524
111852
116993
116884
116782
118974
113225
120901
193315
119652
