177508
56091
80121
84534
80792
83916
84345
83097
77730
84602
84078
79743
81668
87450
82556
88384
184573
79400
57809
86229
89658
86378
86545
78975
86772
83926
87312
84667
84788
86264
85200
87989
91290
94935
149091
57323
98418
93723
91476
90972
90283
90381
95089
91474
91046
87664
91787
92580
89465
96151
147318
93305
58894
96917
96029
92922
96717
92489
97341
92253
94436
92615
94233
92447
81257
92443
91391
87613
145978
58241
91667
92364
91935
91500
93359
91825
85649
92568
92286
93088
95470
104910
99945
104083
157279
101408
48501
95095
97007
100915
100124
101126
96919
101845
97593
101351
92241
104420
102469
103550
102029
105166
167699
57537
102787
105237
95716
104080
98067
104362
99148
104163
85386
88738
95675
93922
95217
95912
158850
93874
55954
97764
96576
92888
93002
100266
86869
94371
99126
100781
103039
96297
96354
100576
101521
99659
158931
55752
98249
97408
100010
104197
100558
104329
91767
93440
97462
92755
91546
87553
95279
91785
156938
90630
57254
89241
93920
95297
93280
94610
93607
98845
98927
98185
99083
97890
99325
90865
95195
96068
155510
56436
99026
98664
98135
98095
104875
112563
109733
111416
109205
111328
108138
108245
110249
105333
170397
108445
56743
112730
112056
111509
82598
91223
86351
90210
86534
88904
86220
87353
86811
87923
87563
89501
170416
56924
88968
84016
99996
106772
104273
106019
102719
106168
100665
103457
101076
103413
101556
104493
184738
103839
53300
108078
79339
88762
89143
88089
87643
88663
86079
87403
86538
88561
86082
89603
84007
91062
163342
58123
54010
118722
119384
116815
118102
112007
116306
114008
116699
114478
112147
115841
113216
118286
187929
118404
