168601
48583
85498
79568
84921
85971
84623
82078
85642
83453
86259
83963
84332
83597
81716
84343
172877
87133
55770
88537
86978
88998
85778
84510
85785
85888
86002
86360
78719
86637
81997
87386
89986
97757
143656
60717
87579
97851
91949
91538
91758
93095
91815
92861
88395
93298
90812
93443
89085
89480
144472
93723
56715
92103
93939
93716
92645
90424
91645
95191
88314
94825
90703
90086
86173
89358
91518
90530
147223
57412
92579
89453
92266
91955
86404
92746
87874
94357
89512
89835
98252
99244
101591
98785
155615
93179
56390
96588
101411
98966
100444
98402
95294
99134
97664
100620
109487
113405
115370
111860
115688
112302
177593
52264
116022
111479
114578
111705
108149
112594
111555
112742
88850
94063
94095
88369
94956
95209
160784
86022
59141
94915
99947
94226
87248
94146
89506
94636
94885
95247
99219
95206
99570
100711
92891
96804
159600
55567
96365
94391
97240
100225
95032
95495
84966
97911
93384
95734
92930
89857
93377
92298
154001
92584
56561
96596
90840
96448
93465
96432
93766
100176
97832
99684
96453
99938
94998
95859
95709
97972
155100
56651
93512
99153
95830
99716
116705
115736
121803
115148
119722
120350
118493
116099
118841
119991
176760
115098
51243
124112
117531
123987
87455
89390
90537
89203
84018
88551
82953
86193
89255
87428
88626
89064
183698
49304
89233
94371
99775
101706
104405
99224
101989
93828
100088
95174
94134
98011
81141
83307
192485
92939
43952
97663
87097
90167
85062
88168
89708
87503
83546
83878
89457
85365
89188
86319
85490
87261
160842
49026
55315
116662
113759
113783
87113
95086
89544
89645
88175
90398
91417
90138
91765
90775
186800
110260
