170080
56532
87867
85360
87107
84913
86784
82344
81745
76004
86887
82455
83609
83508
78547
84593
176694
86681
55953
88463
81635
88203
80847
85549
87445
85318
88251
85843
81295
80726
88312
86445
88458
97214
143987
57972
87708
89853
92444
92737
92444
92629
92071
92736
90330
93421
92256
93645
89048
97609
144757
96831
49691
99494
92185
95111
91664
94026
92386
94419
89869
95077
91564
95342
87317
91591
91787
88327
148371
53841
92323
88512
91853
94062
84962
94469
88233
94518
89072
94433
97013
100195
97131
100490
158034
98249
56718
99244
100937
100785
101173
101358
97000
97234
91996
104326
100864
101559
105380
100213
104378
100968
168228
55154
104821
100819
104745
101549
99906
101664
99885
103023
90882
94450
96449
89516
97587
94079
160826
87482
51059
94204
98637
94209
87649
95312
94336
95264
96170
97950
100483
100998
101031
101019
100855
99577
163109
55427
105456
100542
101995
100701
101540
100222
84225
95213
88886
94841
92761
95257
92119
93877
154307
86357
58131
95522
88328
95641
94633
94775
92564
101599
96148
100334
90779
99333
94515
96763
96024
92661
155549
56983
88864
100300
95618
99773
107710
113653
107754
112565
110936
113329
104289
111383
109548
112787
168678
111921
53355
116279
109246
114145
79124
86897
88747
87455
88232
87156
87143
87280
87572
87753
82062
89659
171001
59527
86271
87804
101883
102447
105252
95951
103113
101266
96222
98977
102169
95068
102205
100454
184232
100987
53340
99499
87796
82136
91602
86824
90129
86007
83317
84634
89137
84990
87715
86304
86138
87568
162091
57016
54709
117545
115901
114840
110619
114857
114018
111732
114868
106517
110710
112112
112442
113688
189361
112432
