169728
55864
87206
85169
85468
85701
84432
83183
83947
84367
84528
85479
82262
87461
84024
88366
176444
80825
58541
86710
89791
87109
86704
80781
87548
85541
87287
81147
84188
86593
80810
88537
91769
94522
146687
58051
97482
94136
96726
90549
95535
86477
94436
85318
90100
92361
91221
88007
88976
89654
144991
92862
58322
96716
95521
92389
95618
92760
96966
92261
93566
92701
94405
92513
80943
91803
90787
87938
147119
57375
91730
85868
91531
85522
92513
92059
85580
92006
92027
86460
95314
103381
99617
103152
151828
96417
56221
99844
100155
99618
100205
99965
95562
100835
97549
96120
99285
104560
103156
103854
102300
105262
166456
57515
97408
105438
102106
98884
98179
105089
99986
104171
90477
93805
94969
94006
95420
91282
160619
93743
56282
97492
95543
97867
91920
99644
92610
98587
92481
99910
101486
95975
100397
99811
100101
98450
160082
55659
102346
102002
97731
103177
99108
103454
93357
93909
97490
88294
96359
88081
94788
86807
155429
90927
56703
95388
92275
95392
93300
94949
88870
94140
98863
92869
93914
96949
98656
95280
99414
95595
158555
55858
97123
98447
97019
92752
110134
111048
114768
111296
113903
115217
108419
112251
114403
113255
173680
112566
55694
116632
115582
115893
83166
89911
86495
89111
86962
87947
86031
86993
81425
86866
86944
88345
175536
48900
87802
90191
98776
105297
102781
104726
100606
104450
94340
101059
99274
101400
99825
101022
186973
100461
51952
106432
86860
89699
82661
88872
87613
89064
87017
88161
86694
89199
86373
89463
84192
90630
160157
51114
54841
114573
115749
112627
113567
112784
106858
109762
111550
110430
111695
111559
103408
114551
185718
113858
