166131
50547
85867
86937
84776
85973
84193
83505
78421
84955
84861
85019
76523
85509
86126
85423
172066
84135
56586
91827
87167
91405
86144
87076
80998
81523
85919
86993
83478
87316
85847
89183
90695
94251
145477
59249
88665
97247
92789
88584
92210
91095
91558
95322
87975
95185
90394
94366
90068
88472
145791
87011
57180
95558
95057
92131
93851
93571
93191
89410
89240
96380
91555
93027
89616
89565
93322
84395
143674
57267
92611
90348
93077
90113
92150
91008
87903
91450
90463
92744
97412
100829
102557
99594
158753
97757
59440
96740
102429
98317
101503
98172
96121
99616
98220
99557
97965
108737
107021
102248
107059
107413
171473
46704
110586
101045
110951
105537
104860
106653
106575
106974
88766
94580
93373
90262
94263
95739
156006
92072
56813
89745
97642
95702
93045
96125
95804
95681
90232
104202
99517
96603
99316
101793
98444
98391
155440
55991
101382
101605
96368
102057
98782
101554
85946
91549
95398
96558
88828
97780
92960
90685
150945
93951
56320
97702
91226
96016
88233
96201
89882
97537
98161
92450
97714
98071
96256
96080
92122
98893
155992
60014
94019
102609
89697
101851
109755
118920
119985
117254
118328
117480
117015
114426
117662
112104
175591
115850
53134
121418
116804
121257
82843
82718
91669
87726
91229
87614
89037
85845
88495
86972
89423
87939
180872
54918
83586
92015
98616
102526
102353
100750
95187
100824
101788
96509
102030
97670
101745
98689
191893
97321
51106
104726
86145
91120
82769
89030
87728
88070
87002
80818
87526
86465
88730
86406
87042
87273
163382
55618
45697
115791
111890
112527
110914
112278
109515
103992
109823
109841
109791
110097
105861
111615
184802
105796
