166946
57335
85251
86727
85060
80426
84285
83345
84313
84681
84265
84802
82086
85164
86332
85246
172701
89146
48302
91455
81156
91211
85252
86920
85795
87078
85758
80797
77666
87751
86085
88477
90738
94759
144853
59454
95039
97099
92874
94362
91936
95458
87578
89600
88010
94747
90483
94899
90297
94210
145415
92065
57025
95698
94747
92060
94484
93806
86924
89690
83987
91373
91367
97606
89208
89984
93427
90700
148465
57185
93251
89572
92576
90530
92275
90390
82127
86527
90649
93106
98058
95785
98051
99767
158495
97671
53938
92302
97079
92395
101422
98465
95630
99059
98881
99514
104805
111262
108925
109131
109625
110250
170001
53508
105837
109019
112805
103357
101126
108635
109286
103527
88832
94663
93390
89672
93920
96054
159638
87748
50127
95992
97297
95638
93636
95750
90214
95601
95482
103663
99472
102251
98962
101654
98468
98315
159108
55398
101510
101403
96212
101725
98392
96646
91019
96273
95039
91933
89039
92887
87651
90102
153965
94406
55827
91084
90605
96330
92891
96486
94657
98226
93889
96501
91740
97619
96222
95483
96765
98358
156269
60194
93949
95893
95527
102082
117028
120054
121529
114470
115604
114333
118716
111025
118959
117630
176823
117233
51916
122041
112886
123168
88481
84323
86859
88175
91254
88071
90089
85745
84274
82536
83483
83063
178887
48176
89699
91582
92005
96151
101372
100445
101036
100992
101242
97033
95289
97781
101828
98367
193161
97116
51240
105041
86224
91107
88922
89156
87722
88870
87089
79002
87161
86096
87632
82023
85823
87623
163464
55786
54933
116889
112593
113574
111891
113281
110531
109886
111088
89345
87726
92662
87309
94745
185168
109884
