172413
57696
86768
81787
84516
88292
83207
86400
82885
85860
82915
85502
80818
85594
82510
85824
173684
84819
56740
87414
88480
82976
86556
81057
87005
87507
80805
88704
83321
90180
84002
90302
85697
92845
146395
57322
95455
88790
93894
91588
93658
86229
93583
92197
90609
94150
84991
94920
86667
93960
149594
91715
60083
94994
96849
91300
95571
91623
94232
92064
91119
87911
92778
93834
87146
91789
92791
92230
149910
57469
88957
85788
95636
89987
95157
89634
91291
90402
91815
91107
96393
102875
100379
101907
156582
100750
56556
100253
101945
99995
102456
100167
99087
100297
100854
100162
96409
105832
96180
103841
101219
103878
167442
54457
97085
104358
102521
103001
98651
103583
100084
97502
84641
95842
94329
97306
88989
98487
160491
94992
48690
97694
94987
96647
86124
96660
93292
96649
97067
100791
101511
101191
100946
102330
99869
101175
160652
51273
102041
104962
98137
105066
93627
104011
90831
87868
95010
93507
94470
93775
94059
92568
155521
86938
57780
96312
92974
97837
92721
92230
96690
91051
101267
96221
99382
95642
97367
94750
97373
90705
156740
56845
96463
98876
96710
92829
108438
113181
113061
105948
112521
106778
111806
108671
113015
104124
171297
108205
54248
112598
104554
112617
83240
89657
87337
88314
87043
88018
81858
86927
88261
86610
89779
87713
169717
55558
90368
89318
98482
107083
102231
103910
101605
103617
100442
101533
95483
101250
100954
102198
184670
101707
54454
106209
78694
92339
87956
91202
86835
90533
85106
87776
79967
87207
86221
87174
84606
88896
161683
56758
55129
117241
115841
115023
114438
115238
112642
113286
107650
114198
112454
110225
109665
112071
187309
115165
