238327
43294
77219
71177
75802
77609
75560
73313
75830
75116
75733
74883
68510
75999
78818
69411
238549
77794
43040
81103
78509
80755
76820
75834
76502
77880
76546
77984
73658
78215
77070
72783
82367
91876
143545
55137
93793
99112
92068
91983
91651
94429
91739
93341
87854
94327
90984
89345
81364
94195
143950
93367
57505
97848
87932
86073
88281
91811
92815
96492
87515
96486
90797
96939
79398
89935
92139
86110
147704
50451
87448
88086
92377
92326
92235
91987
87788
93455
85671
90609
82490
93794
103384
98560
156858
97001
57057
89416
96307
98709
101051
93442
95178
93908
94016
94716
99591
121809
116278
120109
121549
119562
181163
51495
123760
118215
122883
118047
114883
118627
118703
115687
75345
89992
88984
89577
94384
95110
160500
89583
58746
95216
98908
94038
89138
94870
96068
89838
85270
101956
98853
100553
99201
100769
97917
96149
158566
56528
101196
100431
90210
100371
99597
95325
76619
94009
94891
97990
93636
97727
92823
92658
150533
87322
56175
96286
85458
91506
93843
92037
80758
96080
100274
100765
99872
101553
97640
97078
98135
101150
157721
57493
94412
102876
97511
103106
107293
124612
126317
122934
124410
119445
117132
117051
122746
122608
181437
121962
50202
127735
116767
128410
79916
88985
92858
88280
90558
88886
89739
85610
90744
87958
90428
88321
184772
54041
90371
94613
86661
100427
102487
91182
94871
97424
85013
71824
80077
72822
82029
78782
195883
94819
43583
103153
77196
90721
83693
81277
81974
87465
87314
83056
89093
85527
89009
79526
71952
72402
153732
49408
36817
168632
143548
129540
128355
127573
124606
119735
123912
125945
121511
123766
120475
125697
230703
130051
