115746
60681
83643
82915
81752
82306
82696
82008
79845
83182
82475
84056
82319
85007
83074
87024
119080
80508
63024
85655
86202
84531
85868
84114
81553
83505
84527
83664
84352
83997
84524
85017
85752
84902
118975
58865
89735
87881
91141
85607
85398
85454
88090
85052
86318
85274
85602
85396
91144
93465
126204
90280
57498
96202
94561
92865
91116
92625
94899
91779
95007
91314
94283
90941
77005
81660
83373
81309
127866
58102
84618
84436
80661
83603
82970
83149
82903
83044
83793
82757
82347
85900
82980
86693
129598
82441
57069
85855
80273
84015
84169
84396
82959
83265
82635
82883
83331
84503
83900
84506
83994
86005
118343
61211
81738
89738
85592
88263
84657
86451
82897
85283
100961
100091
100642
99667
99283
99838
135357
98172
45915
104031
103331
103253
101212
104007
100518
103362
81178
79692
82212
80849
66458
65094
67040
64595
143173
53984
86310
72494
69142
67206
67363
66602
65134
66999
71468
66174
72304
65941
75566
66766
149864
79991
57500
72976
69731
68446
69410
68804
84763
85054
84858
84121
84512
84045
86083
83984
87015
82934
126264
59196
89988
85260
87554
84664
85080
85984
85713
85592
84029
85498
85430
85572
84638
86345
127228
84511
62306
88174
90355
86308
83509
87965
83233
86258
81889
84919
83495
84084
81728
84015
83527
85022
122660
60879
86390
86585
85537
87856
84719
87344
82624
88261
83606
87583
81081
86612
83512
86057
121967
83256
59483
87347
84340
82716
82891
81928
81217
82781
81652
83745
79765
84301
81003
85017
81510
86060
116921
62596
62365
82500
83252
82495
81673
82262
83346
82577
80327
82442
82816
83077
82755
85196
121190
84344
