114018
61938
82150
85856
81075
84856
82053
82894
79690
82935
82999
83155
81987
83571
82403
82706
115031
81126
58748
88939
83709
88111
83561
86575
79408
86170
83166
85519
81907
83930
83425
83676
80637
81718
115272
58574
84879
87063
85461
85319
81322
85743
84834
87528
83306
87509
83210
86671
91903
91069
129018
88406
56853
94479
93268
91366
89111
91032
92078
91371
91173
88301
78519
75152
82350
80145
90397
80130
130787
56706
87198
83161
82272
83072
83846
83349
83456
82843
84057
82554
83501
83529
85532
83948
132665
80992
61653
84847
85346
83935
88606
84041
86952
83271
85655
83133
84684
85418
85602
85993
85415
85669
120725
57712
85192
87708
89715
87806
89140
86639
89853
85222
101133
104746
101412
103764
100121
103557
138338
100771
47943
106384
105085
105677
103101
103487
102801
102276
81441
84250
82443
85364
67863
74326
66738
74545
144857
56733
88119
76203
69390
70095
68212
69157
65834
66194
67882
66359
67533
67407
68739
69746
149196
83623
57338
84084
69095
77047
67732
74803
85946
83899
84240
83477
82939
83194
83789
82833
83612
83352
122544
61074
86185
88020
84661
87291
88724
84280
88859
84037
86561
83922
86345
84124
84007
85019
125149
83931
58985
87280
87126
86201
85263
83187
85373
83145
84983
83037
86876
82060
84545
81683
85904
82501
123925
59615
85754
84468
83849
84182
83239
84176
82182
83499
84276
82977
83086
82301
86132
83372
126185
81055
63303
84588
84747
86453
83656
84703
82344
83995
83620
83519
80401
83523
82947
83445
83668
84082
121032
59462
60856
86232
82889
86818
80470
85758
80982
84308
78765
82631
80688
82355
81660
82925
119569
80996
