114648
64779
83156
87044
80863
86259
81888
84274
78903
83015
82324
82880
82394
83002
82419
83109
116078
81761
59277
87952
84211
87674
84643
87702
81525
87803
83539
87559
82741
87021
83293
85841
83804
84954
116952
59436
87393
87932
87750
86580
83283
86564
86235
87831
85893
88808
85306
89892
95000
92797
129711
88672
58235
96768
95476
93696
90464
93138
94041
93183
93669
93165
93079
93490
82266
81391
88871
81866
132078
58035
89294
84314
84623
83666
86370
83463
84495
83463
84144
83770
82985
84136
84892
84192
131804
80837
60523
85366
83744
84544
88046
84342
87472
83460
86124
83250
83382
85506
84898
85703
85212
86069
119189
58276
83679
87794
88196
86827
87479
86462
87882
86552
102817
106289
102612
105494
100710
105677
137021
102556
45563
106304
105354
105158
103747
105117
103156
104815
80625
82962
82592
83245
67903
70764
68017
73888
142612
58410
86827
79391
67680
73370
67929
68857
66256
66697
68651
67730
68324
67648
69605
68341
148344
83143
58027
88008
71031
76892
68665
77512
87305
84358
85786
83910
83240
83592
84636
83780
84551
83257
122679
59808
86783
87559
85433
87398
88529
85730
89704
85479
88364
85028
88646
84763
86336
85812
126040
84623
60158
87768
87982
87231
84851
84698
85180
83836
85058
83684
87091
83536
86178
83108
87722
83222
125816
59337
88000
85514
85305
85480
84339
84974
82831
85060
84715
84567
82920
84039
85891
84808
125510
83016
63642
86539
83025
86198
81720
84090
79750
82713
81264
81781
78910
81909
81572
81813
81254
82334
118313
59734
61409
86277
83537
87287
81480
86816
82707
86344
80130
84849
81869
84720
83028
84326
120975
81980
