113743
60414
83281
82050
81395
81931
82391
81779
79365
82519
81886
83644
81315
84353
81764
85777
117474
79523
61734
84217
85489
83685
85075
83491
81453
83161
84258
83496
84027
84206
84551
84997
85827
84763
118364
59137
90194
86844
90728
85139
86182
84511
87505
84290
85721
85104
85177
85270
90724
93317
126271
89692
57662
95257
94591
93187
91578
92552
95351
91911
95043
91768
94789
91937
79023
82397
84863
82414
128084
58174
85324
85385
82058
84356
84260
83856
83921
84278
85887
84470
82005
86930
83796
87280
129585
83079
58171
86885
81793
85024
84480
84649
83812
85003
83597
84333
84729
85682
85357
86375
85083
87375
118996
62933
84251
90659
87151
89138
84920
87838
85012
86453
99701
99432
99671
98063
97916
98976
133510
96746
47539
102367
102291
101768
99927
103260
98693
102997
83459
81436
84849
82002
77063
67049
69140
66547
138773
55960
88868
85755
71008
68587
69267
68301
67494
69148
73920
68333
75608
68067
77386
67881
146296
81433
59109
79687
71552
69633
69995
69708
85786
85602
86332
84759
85252
84478
86880
84308
88718
83356
127228
58537
90844
85699
88637
85088
85372
86239
85613
86189
84094
86179
85870
86167
85664
86046
127130
84770
62184
88175
90902
87289
82925
87687
83118
86598
81356
85252
82594
83585
82408
83829
83091
84441
122429
60245
86077
86106
85251
86610
84345
87508
82739
87666
83011
87272
81240
86609
82778
86170
122462
83643
59864
86867
83798
82346
82607
81489
80793
82334
81714
82874
79487
83569
80847
84760
80364
85778
116030
63084
62851
82345
84284
82795
82101
82754
83631
82582
80842
82208
82513
83044
82751
85267
120148
84639
