114092
59992
85888
82733
82316
82784
83050
82403
81240
81980
83319
82572
82517
82976
83267
84723
113586
81328
63770
86522
87896
84642
88113
83155
84334
83251
86225
83940
84650
84224
85000
84994
83356
84510
114940
59395
87540
87746
88867
86332
86764
84998
89397
84984
88718
84496
87550
84748
91899
94127
126970
90749
57664
97122
94656
94163
91246
93848
93331
93539
93931
93698
94862
81904
79598
85132
85680
84909
127803
58963
85196
85754
83066
85165
84176
84679
83312
84393
83760
84303
83297
84540
84594
85998
130967
84267
58188
88493
81368
86919
83213
86208
82482
84503
83285
84085
84592
84009
85719
84453
84579
84735
118641
60626
84369
88211
86578
88987
84943
89317
84777
89080
97815
94936
96856
95322
95272
95847
130831
93479
55814
97867
99148
96812
95977
96831
96022
98071
85076
82655
86648
82588
84766
70691
77009
65878
135710
55833
87480
86018
71755
69747
70261
68690
64980
70159
67754
69837
67755
69902
72336
70943
145042
82267
61296
85553
79295
68567
76109
67902
84817
85693
84545
84527
82639
84380
84340
84295
87090
84084
124508
58816
88861
85916
89046
84674
84422
89349
84908
87296
83323
86005
85276
85178
84470
85649
124779
84248
58694
88107
87366
86938
83579
86107
83021
86732
81615
86786
82640
86031
81371
84976
82392
84817
121816
59796
84839
86054
84846
84022
84149
84089
82839
84545
83530
85731
82289
86115
82635
88085
122179
86229
59051
88973
84204
80971
81669
80439
79965
80332
81296
80407
80001
80354
80446
81835
80414
83249
116093
64185
65949
80943
84769
79745
82498
79886
82133
79573
79441
80065
80369
80052
80781
81363
117579
79184
