101629
61053
81213
81339
78365
81511
79066
82580
76761
82279
78084
82240
77568
80971
79819
80565
110003
79031
60639
82816
81243
82143
82562
82263
80102
81847
80777
83017
80811
83689
82249
86173
87199
81956
113850
58497
84392
83834
84125
83796
82189
83073
82872
82518
82330
81845
83244
83809
93194
92998
124535
89730
60571
93597
96238
92035
92639
91011
92941
91805
91518
90802
92403
92185
80285
81578
82099
82224
128307
57404
86663
84994
83893
82998
86238
82404
85053
81301
85365
82155
80241
82508
82004
82935
128053
79359
57861
85307
81323
82846
82579
82243
82190
80896
84406
81379
79215
84247
79814
83652
79881
82079
113013
59052
80832
83135
82367
83195
81401
81496
81450
82113
92843
93759
92930
94298
90301
94671
125787
93461
54914
96920
93218
95669
91819
92572
92747
93287
81281
82070
82187
81618
80506
81474
82239
82825
130469
58598
85490
88018
83320
85890
82702
86453
83267
82310
83219
82030
81239
81781
83288
82849
133339
79756
57398
85485
84225
83855
84123
85688
84620
81332
84991
80464
82635
80099
83070
80291
80586
81180
117792
57710
84509
82331
82993
82691
84944
84972
86004
84180
84973
83487
87297
83574
85943
83770
124108
81732
58719
85615
87553
86523
85364
86655
85426
85895
83563
85009
85048
84862
83760
84507
86380
84882
124597
55764
91587
88258
81621
85141
81814
83496
80385
81963
81817
82617
80386
81312
81274
82303
119563
79054
58483
88323
80196
84091
79155
82473
76539
81399
77533
80434
76241
78989
78100
78599
78757
78956
113577
59096
61363
81356
80378
80329
78377
80480
78935
81607
77155
81413
77621
81447
77873
80783
114019
77318
