108084
53522
81707
81181
77847
79512
78210
78675
75522
76837
78150
77989
79147
77872
81095
77610
113419
76293
53993
84498
79553
82103
80250
80152
76141
79553
79002
79914
78985
79794
79481
79635
79947
80358
110675
56471
82497
86957
82324
83631
76961
82496
80094
83213
66042
67440
66070
66068
68167
67601
124031
63636
45855
90051
88790
72353
68476
72793
70443
78096
68495
80206
67620
77084
79289
78074
84971
77362
126010
52790
85069
82510
79377
81402
75204
66023
68423
66666
67829
69400
73033
66686
78540
65746
135598
78178
50475
68490
66216
67731
69174
67807
67636
66980
67290
65447
83399
82897
85374
82350
87780
81644
121812
53396
83890
83777
87676
82778
85457
83022
84113
70315
74474
76332
74637
75061
74606
74872
134257
72212
44074
97814
99558
97120
98336
78823
85538
73998
77535
81021
78744
65071
62702
62729
65797
62317
141106
51020
71701
68682
65473
66565
64633
65478
63266
67679
62966
70091
62711
70806
62913
69375
144072
77340
46347
68510
65952
66688
65042
65881
80549
80513
79987
80200
78945
81000
79612
81269
79733
81279
119414
56745
83234
86044
80826
82431
80856
80270
81721
80178
79971
79880
80916
79499
78703
80343
123001
80017
54637
87698
82965
84849
81073
77659
79912
76861
78173
77355
78663
77160
77215
77371
78823
78144
119129
56208
80668
81074
82037
80760
83143
80511
82125
79255
83345
78356
79025
78430
81495
79152
120244
77343
54635
83414
81960
82659
80961
80600
80040
80118
81131
79552
78778
78704
82211
78955
82605
79181
120573
53552
58551
82957
80822
81397
78934
80329
79952
79681
76750
79163
79164
78936
80019
80342
120680
76374
