106893
58324
80028
79858
78797
79477
81486
77997
79810
78062
82068
77821
81181
78183
81196
78715
106728
78177
58538
83538
80896
82732
82283
82511
81307
81799
83294
82097
83977
82303
85718
83569
81363
87117
113011
61270
83991
88386
85362
85967
83609
85675
84950
85579
84063
84680
84495
85149
92090
94008
126086
91676
57157
98180
93239
95915
89796
94608
91228
93691
90513
92525
91438
92595
80137
81233
85632
81345
128031
59650
85144
86192
82564
85839
83184
87126
82411
86358
82316
86719
84876
81855
84432
83198
129314
79503
58731
83383
81919
82789
83532
82800
82121
82946
81955
84195
87401
82988
87883
82675
86802
82731
118872
57623
84713
85083
86486
84954
84940
84071
84842
84159
93056
92947
93380
92525
92660
92915
129490
90134
59182
95845
99225
93659
95714
92705
94727
92664
79653
81930
81341
82367
80530
82099
82518
71523
132090
56458
87876
85554
86334
80084
77357
69459
68825
77982
67902
75176
67386
70005
69632
71097
138700
81062
57717
86593
85146
76447
69252
72164
83745
86623
83260
87393
81239
86812
82457
85770
83893
84038
120994
58905
84928
86194
84273
84981
85454
85049
85148
85673
84096
86939
85262
87729
84646
88681
123876
87213
58485
89889
85377
88313
83733
82276
82940
82027
81788
81904
83246
82331
81729
83210
82475
84701
121669
63281
84493
88039
87780
82865
87060
81874
83651
81430
83775
82083
81530
81717
82644
82782
122072
81244
59848
85695
84559
80792
83087
79843
82006
79091
83689
78450
81298
78473
81531
78457
80681
79941
115022
60218
62089
80193
79178
79726
78274
79104
80429
78860
79753
77812
81459
78168
82847
78819
119041
77299
