115207
59613
83032
84787
81520
85010
82271
85099
79091
85088
81499
85094
80715
84024
81266
82821
114891
79087
58324
85601
83067
84083
83917
83587
79594
82961
82792
84655
82344
85710
82315
86704
83725
80585
116343
57016
85274
85483
85200
83215
81235
82801
83722
83015
83456
82951
82826
82668
90132
90195
129019
87156
59459
93954
95493
90066
89769
89975
92506
90571
91650
83968
77106
75020
79415
81725
86942
81279
129172
57959
87284
84434
84644
83562
87697
83623
86879
83142
86060
82395
83731
84462
85173
85390
131196
81413
58732
85509
82112
84942
85364
85107
84796
84164
86513
84137
84520
88520
85355
88487
84979
87052
120052
57052
83661
87826
87860
87550
86517
87005
85792
85593
101616
101963
101366
102413
100047
104003
137301
101675
46340
106820
103627
105263
101630
103437
101630
102055
81298
81517
82910
82657
67174
65250
67824
66352
144833
57674
88181
76781
69051
76687
67139
76529
70616
63915
69823
66430
66937
66873
68069
67427
149366
80382
57507
69612
69687
67605
68745
69250
87484
83007
87217
82636
85559
82284
85299
81702
84546
82397
122185
58989
86121
85004
84982
83880
85429
84530
85985
84618
85623
84599
87954
84256
87014
84100
128087
82523
60897
86307
87570
85100
82507
83245
82996
83166
81682
82731
83013
82376
81935
82288
84432
82911
125098
59316
88843
83732
82847
86074
81911
84254
80857
82964
82940
82619
80128
82396
82375
84071
122316
81904
60423
84878
85807
87334
83902
87541
81835
87004
82552
85663
80416
84255
82200
83378
82507
84349
119293
58710
60246
82064
82694
82753
80687
83746
81520
83560
79427
84407
80813
85042
80162
85531
118093
82094
