91575
42980
66588
65530
61247
62066
60516
59992
57447
58569
58646
59285
59511
58874
61410
58161
98346
51922
41809
67517
63033
64393
62143
61497
57985
56429
53329
54446
52657
55399
52191
52965
63497
56210
90428
42531
64990
66670
64648
63706
58609
61361
60606
57922
51242
52488
51480
51704
52457
50239
103566
53572
36546
68958
60205
53039
53090
53030
55764
57625
52843
60608
52206
58797
59426
57857
68447
55027
106366
40147
68057
63352
60277
59397
55366
51419
52784
50049
53026
50154
52872
50294
59343
49259
115276
54278
39255
55632
54613
54296
56704
54534
55105
52325
53236
50975
61207
61339
61990
60469
66238
58192
98539
40074
63265
65350
68671
64357
65387
62737
61217
53059
53646
54779
53838
54271
54138
53527
106645
58704
35238
70125
71471
61610
59815
58517
60542
54562
58840
60769
58843
52838
49490
48909
54613
48033
122655
39165
60942
58691
55587
56242
51412
51938
50384
49559
51224
53192
50173
54196
50497
54422
125582
55490
37601
59806
56495
55998
51955
53281
61462
60340
60443
59371
59770
59290
60225
58541
61589
58395
101723
42351
70611
69154
61980
62475
59359
59419
59742
58631
59043
58498
59580
58170
59253
58071
103992
55863
42263
70086
64016
61979
59925
58132
60425
57869
59451
57835
59785
58032
58207
56783
58946
57778
100391
43922
64483
61595
63166
62369
62524
60922
60347
59457
61534
59342
59049
58267
60171
58685
101414
56588
41822
67555
65889
65271
62647
62524
59556
60364
59863
59130
58046
58732
59773
58735
60619
59550
102139
40279
47070
67128
63307
63168
60298
61142
60409
60001
57686
54885
51101
54348
49717
55117
102115
54474
