110235
58915
82876
85528
79905
83462
80732
81238
77617
81223
80324
81653
80110
81577
81292
81002
117479
76489
55872
85940
82508
85548
82329
84566
78918
84276
78941
78123
66542
73194
69230
70455
84891
80653
115002
56215
86420
87269
86724
86115
81949
86369
85467
88134
71027
80181
69086
79632
81537
68440
129886
68236
47636
94487
94835
77904
71932
73162
75286
72977
73572
72006
74069
73379
84637
82216
90927
81005
131780
54578
88793
84474
82752
83474
73418
69436
69438
68949
69452
67358
64080
67929
68162
67733
134926
80375
51763
73667
74473
68885
78420
67514
76693
66793
74794
65867
83541
85540
85862
85511
86921
84826
120457
55832
83596
86760
88343
87009
88218
86486
88712
71742
79261
89823
76843
86368
76020
79080
137964
75260
44372
102712
102375
102846
102388
83838
77857
80444
82497
85286
84041
72345
66476
73647
67938
73029
143054
54737
70381
72945
67844
69285
66960
68752
65520
65105
67387
65849
67032
66078
68002
69484
147583
83942
48435
77802
67634
77022
65873
73619
85053
83463
85172
83658
83570
83306
84751
82836
84249
83034
124668
58579
87328
88682
85283
87853
88024
84134
88281
83320
85834
83662
86684
84244
83812
84118
127506
82433
56833
88918
87441
85871
83358
82230
84266
82403
83716
81225
86044
81377
83425
80801
84647
81421
124594
57695
84598
83410
83738
85480
84213
84941
83055
83939
84887
83780
82559
82731
86120
83976
126904
80964
60273
86345
84306
87010
83905
85070
82815
84501
83874
84261
80680
83317
83169
83681
83149
84606
123188
55652
59929
87930
84053
87225
81917
86179
82202
84431
79604
83124
82791
83710
83140
84863
122099
81245
