104654
58156
78612
79408
76603
78491
77801
78069
76003
77982
78429
77826
79318
78229
80570
79409
106737
81249
57852
86269
80537
84351
81214
82197
79393
81630
81304
82343
81552
82718
82371
83996
81610
84657
113251
62371
84755
89087
84796
89037
82296
87482
83459
86790
82982
85727
83730
84520
92117
92293
126611
88723
57407
95578
94092
92794
90623
93262
92287
94201
91531
95145
91658
95722
82696
80272
88059
81068
128602
58083
86216
84732
83524
84227
84678
83832
83872
83760
83605
84942
85303
83509
87556
83728
133145
79414
61815
83400
84255
82955
85427
83515
83661
83301
83799
83579
84399
84708
85124
84431
85277
84458
119618
58107
87329
86315
90257
84962
88989
84308
87506
84465
93548
94413
93649
94248
92032
94653
127335
92233
55846
96925
96970
95308
95759
94384
96623
94496
79927
85923
81555
84867
80443
83989
82716
69966
132364
56072
87532
86698
85183
73101
68944
70615
70220
67436
71600
70492
70664
75210
71136
78800
139343
84421
57637
88336
85500
74922
70712
71694
85173
84845
84936
83973
83391
84511
84343
85965
86182
86170
122736
64070
86001
90115
84902
89145
88431
85003
86974
85682
84658
85166
86303
85227
85497
85769
125726
84987
59332
89602
87522
89818
87545
83139
87670
83281
86201
82431
86106
81979
84222
82304
83185
83606
122860
60551
86124
85525
85458
84866
85523
83845
84929
83821
87290
83377
86349
82749
87582
83257
125699
81360
61370
85359
82318
82216
80951
81345
79212
80947
80304
80168
79915
79733
81340
80124
82849
80451
119792
60086
61843
83949
78850
81999
77708
80491
79341
79754
78041
79215
78814
79631
79170
80562
116742
78662
