93383
44258
68299
65309
63386
62341
64300
60523
60154
58851
61568
58826
60630
59122
62526
58571
99344
52971
42854
67119
63789
64023
63514
62303
60124
61551
62764
56432
62737
55096
63384
53692
66595
61530
94104
43605
68188
69796
67533
66041
62498
64391
64107
58828
52561
55830
52531
54603
56254
59075
106537
59045
38719
73373
64210
63005
52764
56523
56232
55853
53911
55342
53936
54764
61629
61489
69790
58543
109031
42777
69738
66927
61706
64293
55217
60455
51644
58061
51044
52590
51845
50893
56063
51041
116465
55796
38992
58924
54011
53436
57383
54208
54960
57325
52511
58005
63579
61349
65033
60132
67868
59259
99662
41898
63995
65803
68185
65194
64919
63794
63779
52375
53847
57142
59211
54719
62128
54239
110181
59350
36363
71586
76341
60944
60284
58018
57312
55657
60095
61033
61038
51421
49778
50167
53687
48500
125218
39704
65711
57035
61922
54179
57752
51065
48835
51277
50579
51373
50568
51090
51581
51313
127433
56834
39388
59068
56239
57072
54211
52795
61869
63571
61545
62720
60203
61560
60584
60847
62320
59298
103583
42283
71232
69566
64294
63173
61724
60991
60932
60824
60684
61249
60443
61369
60159
61547
105338
58628
43288
71543
64841
64814
60735
59684
60867
58797
59834
59551
59936
59445
59657
59528
60693
61165
102018
45831
64797
65005
66320
63528
63828
61783
61796
61510
62653
61029
60066
59991
61131
60795
103153
58696
43489
68676
68776
65521
65992
63637
63523
61359
63537
60623
60561
60065
61637
60157
61832
61005
103033
41007
48604
66997
64596
63888
62485
62466
62703
61229
60051
53438
61150
52577
60295
51136
105280
55956
