96964
57860
78089
78359
75665
78222
75338
78778
72192
77693
74212
77501
74148
76111
75904
75758
108232
73472
56729
79450
78007
77914
78155
77353
74213
77685
77148
79194
76699
79803
77972
81832
83425
76869
109528
56251
81980
81462
82048
80712
77522
79930
80294
80334
79886
79491
80312
81057
86665
86019
119554
82066
58976
87666
89719
85619
84094
84914
86389
85927
85562
84308
86167
85429
79484
79666
81752
80129
120232
56682
86070
83022
81477
81294
84121
80551
83015
78764
82594
80053
78457
80176
79855
80970
121850
76749
56817
82778
77694
80742
81634
80900
81166
79087
82588
80146
77529
82512
78620
81423
80644
79790
111720
56146
78040
82309
82162
81469
80271
79712
80869
80345
99754
101228
99785
101451
98567
101474
132430
99788
49700
103824
101264
102850
99995
99866
100042
101030
78056
78859
78671
76131
65267
63555
66034
65367
143689
55573
83039
76141
66874
72827
65061
71988
66734
64943
65896
65136
66080
65372
66659
65857
147669
78119
50818
68551
68904
68001
68331
71014
83607
80136
83515
79546
81237
79245
81624
79996
78856
78942
117381
56083
84039
81404
82088
82054
83206
83402
84900
83409
84109
82235
85680
81829
82671
82264
123692
80576
56877
84687
86696
85585
85883
87527
86643
86901
85231
86352
86005
85934
83526
85555
88142
86397
126585
54940
94042
89459
81656
84533
81611
82981
81093
82515
81734
82111
78684
81471
81643
82178
120431
79369
58634
87303
80494
84876
78885
82549
77831
80757
77663
80082
75391
78739
78184
79041
78990
78970
113979
57677
60120
82115
80132
80502
77998
80585
78222
80804
73937
79765
76562
79337
75864
77886
111746
74440
