112399
59011
82040
80500
80464
80495
81561
80906
78313
81195
81327
82860
80756
84008
80738
85352
116497
78968
61256
83805
83484
83008
83608
82115
81176
82026
83228
82330
83315
83070
83578
84960
85133
83714
118121
58495
89278
85921
88916
84383
84783
84139
86796
83884
85313
84936
85391
85330
91360
93731
126870
90012
57864
96446
95467
93176
92325
92603
95837
91725
95376
91699
94992
91868
79175
82056
85537
82042
128396
57906
85722
85608
82531
84357
84559
83713
84410
83318
85241
83921
81982
87234
83282
86815
129581
82646
58345
86358
81418
84083
84096
84716
83266
84146
82684
83404
83193
84964
84420
85614
84133
87255
117718
61528
83150
89482
85348
88316
83785
86793
84366
85441
97710
96449
97401
96094
95912
97291
131922
95028
54750
100927
100386
100846
97733
101791
97262
101181
83611
81427
84183
81354
82042
67826
68818
66509
137554
55432
88563
85960
71455
68768
69630
68726
68238
69446
74957
68501
75160
68206
77223
67891
145237
80886
58480
86390
71122
69534
70891
69852
85564
85878
86079
84915
85436
84306
87175
84328
88776
83427
126799
58609
90286
85513
87907
84788
85018
86348
85351
86110
83789
85672
85436
85881
85840
86307
127218
84494
61965
88245
90745
87067
83123
87471
82961
86196
81453
84650
83154
83962
81836
83726
83063
84030
122847
60286
85920
85609
85012
87115
84342
87437
82452
87897
83064
87158
81434
86040
82097
85606
122024
82789
59361
86811
83809
82257
81980
81309
80473
82338
81528
82590
79325
83280
80736
84481
80390
85353
115656
63063
62327
82007
83855
82274
81709
81899
82671
81822
81095
81600
82090
82955
82384
85174
119251
84648
