120569
58428
88276
84030
86208
84388
86530
83400
81872
84073
84778
84212
84554
84680
85193
84219
117580
81232
61827
88063
87445
86291
89020
84271
85237
83629
88161
83660
86774
84335
85666
84862
81661
83851
115654
58837
86009
87663
86713
85092
83601
84521
86682
84189
86973
83293
87428
82664
89088
92539
126966
88340
56911
95579
92658
92410
88572
92156
92741
92779
92339
81432
74410
78062
79079
85178
87275
85239
127923
61473
84557
86431
80824
85480
84303
84235
83320
84092
83622
84285
84291
84562
85687
85387
131507
83568
58896
88321
81980
88437
84972
88642
83707
86796
83545
86050
85939
85363
87427
85617
86424
85866
121582
58853
84377
88427
88695
89184
87155
89774
86830
89657
106169
102621
105794
102085
103801
103301
139713
101808
45656
105736
107191
105202
105128
104323
104653
103932
83224
82545
84950
74892
72462
66549
75066
65652
148672
54776
90567
70061
71754
68874
69247
68845
64662
67691
66763
68258
65971
68547
67931
69188
152454
81782
60497
71022
76439
68170
76701
67266
84116
85661
84446
84686
83232
84969
84462
84341
85008
84112
123771
60182
87799
86734
88552
84851
85035
90258
85308
89188
83848
87895
85148
86960
83672
86147
125391
84998
59624
88940
87186
87276
84413
85821
84172
86302
82861
86702
83321
87739
81126
86742
82536
86616
121927
61526
84813
85223
85442
84419
84780
84162
83383
83967
84605
84952
81629
85806
84138
87936
123060
87321
60214
90293
90154
84548
87588
83885
84172
84198
85271
83638
82131
83780
84425
84161
84622
85937
120957
62303
64637
84008
87617
82818
85935
82461
86531
82148
81938
81492
83261
82476
82751
83416
120977
81900
