115235
60846
84644
83773
83337
83081
85306
82999
82812
82408
87110
81800
85878
81952
85648
82497
114785
81667
59955
86771
84087
85979
84859
84523
81514
84091
85076
84103
85530
84600
86848
84776
83590
89821
116562
62034
86432
89961
86612
87391
83348
86421
86060
86973
86138
86702
85831
85996
91586
93813
127249
92228
57810
99825
94291
97285
89507
96018
92695
95088
92344
94713
92864
93983
79957
81329
85156
82272
129503
58998
85848
86251
81981
86383
84483
87382
83745
87584
83226
87674
85743
83307
86402
84199
131691
80943
59327
85460
82171
84602
85175
84721
84158
84577
83640
85261
88120
85174
89789
84991
89005
85018
122176
57894
85588
87009
88956
87375
87079
86397
86547
86808
102957
103722
103719
102829
102524
103786
139674
101536
50879
106083
109637
104187
107278
103232
106313
103280
80663
82848
81929
82803
66318
67059
67265
67662
144069
55899
88615
73592
71892
70238
74770
68415
67072
75672
67453
73620
66110
71460
68497
69595
148459
82148
57903
72344
69234
70536
68636
70313
85776
87895
85332
87955
83289
88265
83830
87667
83481
86431
121558
60838
86329
86744
85686
86630
86482
86487
86581
86174
84981
87146
86148
88021
84251
89329
125601
89201
59191
92051
86386
90273
86117
84298
85213
84276
82984
84052
84763
83900
82695
83383
83657
85250
122872
62907
86112
89708
89178
84481
88680
83928
86777
83409
86256
83946
82540
83952
84393
84603
123054
82899
59760
87293
85773
83463
84302
82368
83073
82118
85636
81522
82981
80757
85063
80861
83938
82130
119249
59748
61166
84580
83322
83816
81706
83356
83199
83170
82202
82812
84561
82713
85937
83549
124989
81178
