105842
59182
79264
79817
77128
79664
78091
78953
77310
79418
79208
80179
80767
80473
83391
81614
108842
84460
59664
88311
81824
86294
81964
84319
80638
82021
82052
82497
81783
82392
82454
83502
81593
84435
113465
61664
84777
88611
85208
88207
82037
87781
83783
86987
83186
85829
83060
85006
92525
92653
125961
89506
57666
95172
94153
92844
90655
92694
92406
93943
91718
95345
91419
95478
82419
80081
87714
81086
128772
58636
85806
84001
83048
83865
84251
83953
83744
83766
83670
84842
85549
82987
87614
82847
132908
79260
62204
83101
83971
82873
84669
83462
83160
82475
83151
82354
84389
84411
85029
83628
84938
84190
118926
58211
87787
85731
89798
84964
88254
83876
87639
84595
93478
94692
93454
93896
91917
94201
127050
92027
57076
96879
97313
95296
95929
94556
96962
93812
79228
85217
81403
84235
80634
83692
83098
83667
131268
57147
87261
86434
85034
85295
81931
71378
71299
68524
72974
72968
70976
77618
70979
79603
138602
82888
57386
87823
85575
86160
76950
72505
84565
83710
84178
83349
82242
83832
83376
85530
85464
85383
120978
63684
84254
88249
83089
86153
86126
83465
84490
83455
83533
83413
84606
84073
84085
84730
124381
84273
59036
88707
86062
89126
86290
82028
85938
81585
83848
80409
83478
80800
81290
81105
81557
81486
120825
59877
83926
83516
84475
82840
84011
82486
83831
81792
85843
81377
84965
81427
85658
81855
123322
79930
59980
84461
81514
80958
79877
80018
78126
79637
80101
79413
79601
78531
81498
78807
82694
79475
118598
59626
60157
81316
78190
79748
77272
78847
78478
78652
76833
78722
77744
78704
79035
79553
117192
77905
