110481
62644
83093
84342
81963
83729
82955
83356
81411
82679
82922
82684
83070
82552
84537
83043
110158
85687
59504
90052
82825
88796
83582
85656
81509
83919
83278
83753
82543
83410
82790
84247
81476
83170
113413
61089
83433
87261
84567
87376
81454
85846
81718
85785
81237
83802
80973
83161
89401
89891
123877
86334
56699
92914
91668
90061
87317
89042
88147
89553
87273
89922
86852
90734
79040
76613
83281
77219
126231
56103
81755
80603
79490
79645
79687
79012
79011
78932
78708
79642
80276
78101
81275
78263
128417
73924
59608
78620
79664
78032
80642
78266
77799
77870
78793
78153
80161
80493
80563
79846
80498
79654
113027
56266
81916
81338
84867
79941
83779
79077
82118
78819
86629
87543
87066
87176
85200
87604
119365
85407
54199
91108
91159
89086
88714
87346
88374
86982
75201
79929
76859
80125
76160
79297
77571
78642
125948
54341
83861
82198
79947
81141
79827
69348
67750
64013
69292
66869
68723
72227
67734
75673
133137
77695
54431
83413
80526
81700
80239
68748
79454
78434
79059
78241
77923
78699
78477
79444
80859
79317
117017
59363
79886
83205
78290
81786
81491
78486
80442
79295
78299
78683
80220
79708
80267
80220
120775
79169
56877
84465
82228
84229
82354
78639
82134
77765
80649
77370
80593
77863
78876
77429
77944
78338
117486
57077
80916
80107
81036
80058
80786
78909
80072
78455
81886
79158
81646
78071
82363
78810
120984
77372
58605
81775
79944
79776
78570
78979
77053
79418
79295
79184
79453
78927
81468
79281
82270
80090
118917
59363
60764
82460
78856
81373
77585
79374
79613
79741
78008
79097
78400
78641
78668
79500
116602
77990
