113777
64190
83224
86953
80529
86234
81502
85324
78751
83037
81304
82507
80879
82512
82309
83184
115071
80292
60144
85906
83090
85707
84289
85303
81019
86341
82724
86708
82016
86526
82406
86325
83484
83985
115661
58828
86978
86794
86828
85653
83629
85610
85523
85939
84846
87169
85044
88595
94660
92265
130306
89108
59412
95136
96294
92836
90856
92785
94097
93181
93011
92905
93442
92934
82110
81955
87940
82568
131252
57800
89663
84904
85417
83738
87092
83443
85552
83256
84345
84358
82485
84035
84250
84587
130674
80367
59224
84887
83003
84503
86402
84098
86836
83346
87339
82661
83193
86155
84207
85215
84983
85006
118548
58133
84462
87548
87109
86723
86240
85949
86176
86185
98371
101756
99105
101767
97431
101899
132714
99037
46842
103730
101815
100833
99587
100905
99652
100775
80956
82685
82454
82713
72946
67947
69041
71490
138550
59202
87278
89256
68575
76096
66594
73144
67010
67240
69352
67768
67740
68112
69840
68495
144955
82711
58031
87412
70902
73670
69469
77555
88715
84183
87169
84203
84831
83740
84871
84520
85811
83758
123190
59005
87417
86307
86029
86963
88229
86030
88670
85863
88763
84803
89528
84730
87498
84907
127361
83953
59348
88484
88031
87253
83895
84259
83590
83843
83760
83618
85941
83067
85261
82758
87415
83240
126354
59798
88732
84766
83805
85204
83800
84601
82570
84433
83464
83933
82076
83755
84143
84423
124685
82690
62755
86088
82805
86745
81167
85567
79531
83894
80704
82307
78588
81552
80680
81649
80844
82423
116549
59596
62045
85498
84048
85438
82053
86070
82407
86410
80234
85860
81463
85563
82159
85104
119578
82111
