119275
60780
84679
81452
81113
82146
82592
81311
78581
81106
81691
80914
80894
82020
81144
83311
119503
80193
64657
84071
86902
83733
86341
81648
81295
81941
83352
81796
82591
82287
83214
82540
83875
85174
117207
60764
86750
86573
88259
85428
84871
84109
88757
83791
87278
83342
86630
84049
90131
92420
124360
90052
59062
92232
91584
91394
88313
91246
91843
91220
93607
93120
95156
92713
80641
86073
83371
86085
128575
61201
83935
84262
80177
83327
82725
83617
82459
82896
82757
83289
83027
84835
83551
86578
129576
85260
59943
87535
79609
86304
82987
85109
81691
83693
82411
83449
84933
84093
84757
84191
83638
84765
118749
62034
81859
88652
86043
88856
84577
88876
84107
87979
108877
106795
109410
107417
106612
107666
141753
105697
53760
110451
110272
108449
107769
108308
108146
108650
79213
78547
82353
78985
74046
64411
71619
64286
150476
56315
85759
70638
69011
67586
68636
67109
64004
67502
66227
68112
66979
67883
70770
69075
156758
79040
61470
69800
74984
66624
73457
66227
85026
85450
83952
84707
82825
84584
84621
84168
85725
83874
123997
60112
89176
85477
88874
84293
83731
88363
83870
87144
83312
85889
84858
85323
83342
85691
123918
84507
60980
87167
87574
86695
83917
86561
84304
87650
82425
87649
83107
87584
80983
86145
82706
85547
121000
60800
85333
85580
84184
84070
83925
84109
82364
84858
83961
86316
81679
86494
83184
89008
121243
86703
60803
88512
84521
81635
82152
81174
80860
81188
81663
81049
78885
80998
81233
82254
81139
84238
116385
64579
64804
84032
87981
83414
85698
82928
86306
82822
81833
83573
83889
83907
84476
85298
121000
83269
