115008
60360
84463
83953
83770
82777
85427
82292
83148
82421
87060
82436
85444
81649
84851
82585
115912
81696
59606
87038
84622
86058
85084
84875
82421
84233
85892
84472
86849
84431
88125
84579
82407
89098
115171
60855
86207
89121
87235
86871
83888
86533
86653
86791
85314
86715
86152
86822
91760
94694
128325
92041
56832
100527
94826
97261
90134
95861
93876
85996
75419
77642
76059
77223
80987
82354
87647
82491
129012
59105
86926
87047
82895
87363
84990
88533
83467
88167
83727
86991
83955
83020
85263
84406
132092
80647
58790
85296
82830
84990
85720
84714
83731
84982
83761
85988
88382
84426
89281
84690
88508
84117
121303
57723
85161
87357
88697
87005
87092
86172
86596
86392
101037
101521
102096
101126
101265
95082
138894
97248
50289
103550
106823
101972
104203
101488
102350
101675
80585
83039
83080
83450
65578
67291
67174
67526
142175
56162
89761
73350
75243
68583
77131
67384
64236
72712
64673
70273
66823
68046
68535
69479
145976
81775
58491
71865
68185
69692
68173
69710
85243
88201
84295
87953
82643
87572
83400
85490
84142
84286
120323
59469
85973
86322
84602
85671
86130
86614
86566
87832
85330
88313
86149
89682
84189
90261
123627
88750
59048
91254
87276
89223
84402
84055
84593
83389
83454
83791
84703
84114
82674
85072
83967
86613
122689
64221
85470
90331
88838
84184
87535
83870
84720
83974
84466
83796
82439
83698
84699
84982
123414
82944
59596
87814
85956
83084
85371
81839
84486
80959
85949
81200
82126
80145
83299
80930
81913
81883
117396
59666
62051
84971
84102
83979
83584
83264
85184
83661
83938
82997
87047
83312
86794
83362
123732
81510
