111572
65233
81447
84713
78926
84784
79829
83807
78071
81936
79658
80908
79763
80631
80604
81465
114769
82355
61253
84465
82541
85279
83384
85449
81038
86481
82325
86897
81340
85746
81836
85953
87536
86624
117609
59986
87141
87456
87498
86672
85192
86074
85971
86949
85738
87536
85812
89272
95459
92925
127826
90466
61001
93638
95376
92548
91317
91792
92397
91389
92259
91430
92226
92255
81748
81336
84560
82945
131357
59421
88583
83546
85554
83059
85387
82539
84266
81710
83399
82864
82720
84161
82752
84335
129363
80631
60908
85083
84078
83766
85924
83161
85855
81802
86404
82344
82108
85428
82522
83298
82380
83747
117353
60166
83753
85771
84725
84621
84411
83435
85238
83640
93694
97252
92924
96220
91290
96103
127304
94338
57467
96927
94960
95242
93877
93851
93579
94951
80521
81722
82139
82702
81297
84223
82772
85958
131311
63179
84433
87679
83259
85271
82821
84682
83540
83773
84362
83100
83440
83599
84497
84888
133724
83202
59724
87079
84662
86788
84978
88310
89035
84579
87241
83455
85289
83765
84648
84003
83341
84521
121984
59741
87710
86186
86023
87073
86966
85191
88150
84769
88092
84382
88563
84341
86116
84829
124619
83194
60446
86398
86710
86078
86449
86505
86115
85933
85769
86064
87593
86020
87452
85724
89544
85113
126347
59981
91747
87149
82512
84540
83236
83879
82102
83652
83191
83614
81886
83131
84494
83847
122526
82296
64032
85695
82366
86631
80993
84626
79648
82838
79984
82032
79313
80672
80765
81076
81164
81829
116405
61417
62185
84474
82004
84393
80334
85264
81154
85420
79030
85120
80319
83348
80660
83528
117146
81231
