109997
58670
83871
79263
81841
78560
81475
78083
78167
77373
78961
77577
78159
77831
78405
78778
107052
76968
59213
82172
82389
80919
83551
80377
81693
79663
83985
79294
82391
80068
83092
81736
80317
82105
112675
58676
83946
85754
84473
84066
83069
83217
85479
83561
86103
83241
86627
83059
89887
94609
125092
90832
57168
96469
93368
93086
90260
92779
91952
92582
91174
92054
91790
92363
79641
84360
85715
85527
127805
61511
84414
87637
81679
86036
82143
85703
83893
83241
82972
83426
83014
82357
83749
82953
129312
80858
58607
85049
81172
85912
83070
86803
81365
85976
81861
85011
85017
83023
84666
83844
84623
84055
118174
57622
85311
86401
86682
85836
84550
85730
84044
87002
96566
92316
96345
91885
94071
91988
128669
89830
54964
96542
96943
94014
94723
94054
93911
93166
81485
81776
83125
81435
82696
81416
85839
70204
134875
55377
89869
84386
86391
73922
71285
69636
67422
69981
68698
70058
67152
69984
68498
70950
140210
80971
59830
86405
87968
73030
78768
69698
82654
85810
82672
84355
81552
83469
82721
83305
84835
82789
121658
59363
85924
85565
86144
84441
84932
88636
84744
88963
83277
88062
84297
87225
83440
86453
123989
83650
58642
87835
86066
86959
83428
83204
82942
83816
81522
84728
82846
86149
81672
86331
81697
87144
121355
62933
84482
87132
85672
84350
85051
83407
82969
83355
84124
83689
82830
84424
83069
86000
122202
85172
60216
90851
87246
81142
84604
79581
81785
79604
81192
80551
79427
79482
80653
79892
80293
80716
115848
61627
64367
80469
82790
79716
82044
79160
83760
78462
81089
78478
81201
78704
80789
80190
115925
78391
