118524
59752
86755
82717
83046
83052
83439
82095
80106
81889
82697
82487
82487
82715
82349
83874
117952
81065
62843
85891
87916
84810
88812
84169
83500
83645
85760
83756
84292
84225
85149
84791
84272
85749
116943
59228
87785
88349
88909
86756
85810
85947
90122
85612
89689
86043
88794
85627
90720
93640
127266
90282
57407
97285
94820
94101
89998
93311
93583
93226
93471
93250
94335
93323
79335
85854
84876
85381
127962
59427
85449
86008
81756
85408
84897
85083
84054
84684
83845
84365
83310
84340
84922
85990
131396
84502
57954
88360
81347
87375
83931
86447
83057
85226
83435
84733
84779
84687
86509
84896
85733
85472
119422
59838
84569
89265
87820
89799
86296
89872
85525
89453
105133
102374
104738
102453
102310
103349
138503
101378
45432
105524
106175
104704
104293
104210
103548
104732
83729
81937
85691
80388
73616
65468
74325
64330
144813
55109
88745
72713
70399
68601
69734
68273
64434
68362
66445
68357
67236
68763
71581
69515
151710
81379
60926
71166
76984
67685
74495
66588
84284
85567
84556
85062
82906
85067
84156
84232
84834
84234
124335
58692
89439
86251
89406
84944
84573
89331
84916
87478
83830
86685
85576
86060
84492
86532
125151
85238
59942
88410
88347
87915
84397
86876
84119
87690
82427
87501
83386
87323
80848
85876
82983
85353
122223
59914
86049
86923
85399
84934
85238
85046
83771
85708
84616
86093
81718
87141
83986
88952
122127
86826
59463
90133
85582
82326
82449
81666
81498
81633
82330
80952
79620
81356
81623
82363
82065
84512
117832
63399
65336
83449
86974
82507
84564
82159
84691
82546
81111
82906
83066
82605
83339
83978
121882
82256
