96681
57875
78223
77950
76068
76906
76388
77272
73047
75982
75399
76355
75856
74876
78016
76160
108486
78292
56203
83382
78302
81504
78409
80228
74226
77614
77692
78655
77564
77598
78143
79190
80583
77515
107731
57335
80101
82347
79922
82059
74494
80876
77050
80783
76837
78695
77366
78760
82488
82849
114748
79418
53643
85824
85261
83468
78451
82956
82387
83905
81843
83146
81652
85264
78285
76109
79741
75598
117442
53573
82459
79830
75220
77561
78400
77801
78039
75997
77528
77801
77090
77414
79705
77881
123071
73536
56556
79981
76921
78202
79336
78131
78629
76592
78371
77376
75897
77242
77117
76803
79460
76225
111131
53746
76734
78659
82197
77958
80294
75479
79387
77271
97386
99384
97370
97990
96379
97670
131022
95687
42714
99981
100391
99343
97935
96710
98636
97201
72635
77213
72193
65743
57629
63099
60471
61046
146994
50313
71778
66148
63036
62732
62525
63101
60414
61297
61575
63950
61074
67295
60771
67975
149787
74730
45199
69320
62516
62991
62834
63574
76832
76643
77005
76156
74980
76246
75749
76602
74172
76526
113450
56399
79025
79510
77252
80481
79877
78118
79058
77969
78082
78001
79370
78048
75487
78134
117500
76639
52795
81115
81680
83337
84367
81955
84019
80349
82117
79749
82130
79525
76865
79105
80624
79591
118661
50412
86430
85286
77233
77972
77538
76624
77413
76579
78652
75511
75012
75300
78343
75669
117162
72449
53086
81940
76293
77566
75618
75792
74059
74858
75032
74970
71890
73954
75508
73789
77703
73275
112792
54300
57597
80512
75935
76917
75082
75611
75240
75291
70964
75042
74186
74663
74793
73874
111619
71652
