95070
52366
75918
71355
72266
70631
72417
70851
69582
70545
71633
71506
71750
71453
74386
72369
106212
71226
55716
76955
77458
76469
78977
74920
74740
73868
76837
73753
75841
73781
76066
75072
76903
74138
103917
53585
77140
77866
77397
76176
73833
75325
76643
74549
76951
73392
77699
73789
77011
80531
109824
76158
52137
82654
80746
80566
76092
79137
78016
78426
77267
77297
78431
77800
72031
76011
74270
76367
111970
54547
77912
78403
71931
75598
74225
75278
73446
74162
74132
74741
72743
73705
73910
74226
116107
71445
52260
79677
72365
77278
74111
76581
73250
74965
73874
75125
73310
72925
73785
72945
75857
72682
106038
52695
73456
76033
76644
76956
74403
75867
74318
76735
87862
85238
87208
84093
85995
84284
119654
82303
47167
87962
89502
87541
86804
84650
85712
86117
72803
72408
74499
72129
66643
58983
68081
58098
135124
48519
79412
76406
63773
60965
63205
61237
58069
60987
59436
60912
58894
60902
61235
61893
138134
69953
52476
69431
69831
61047
67351
60428
72123
74848
72994
73802
72302
73257
72919
73352
71728
72509
111121
51360
78021
74552
76895
74861
74005
78295
74552
77119
73294
75898
74005
74673
72332
75192
113604
73012
50810
78067
77869
77442
75882
77633
76347
77372
75010
77728
75060
77969
72522
76210
73999
76495
112439
48986
80108
81046
74521
73854
74369
73111
72539
73126
73012
73514
70966
73764
72481
75312
112040
72819
50668
81145
75301
73415
73558
71926
71867
71681
72355
71299
69428
70124
70565
71046
71781
71089
107633
54492
58044
76215
77438
72821
74657
71588
73827
71183
70058
70807
71589
71205
72114
71216
108321
68552
