115805
60874
84775
79883
81361
80602
80921
80301
79435
79887
80731
80601
80362
80189
81454
82619
118365
82568
64366
83226
85980
82927
87242
82360
84672
81944
84323
81521
83492
82317
83378
83148
85927
87669
117485
60554
86978
88378
88920
86885
87127
86087
89324
86106
89966
85530
89908
85713
91559
95458
123989
91578
59249
95809
93624
93765
90985
93218
92426
92132
92610
91589
93596
92318
79041
85240
81950
85901
127557
61577
84080
85989
82117
83802
83030
83489
82784
83147
82971
83539
83098
83938
84050
84532
129255
83494
59379
88354
82235
87716
82801
85920
82020
84696
82483
84076
82991
83112
83578
82416
83081
82814
117880
60976
83898
86661
85004
86209
83854
87068
83569
87804
96059
92989
95777
92297
93241
93500
128777
91683
57736
95787
95539
94183
94706
93491
93935
94839
82949
81793
84804
82282
84989
81801
86318
82319
132994
57941
87115
83981
84567
83441
84613
83449
83798
84697
84083
83785
83791
83823
85718
84678
135935
81852
63692
85191
89046
84298
87900
83922
84806
86719
85297
85586
83879
85594
84619
85077
83559
85024
122260
60055
89118
85939
88961
86001
84439
88981
84151
87826
83115
86908
84259
85750
83660
85975
122908
84580
59319
86635
87313
87448
86907
88460
87074
88486
84997
89473
86094
90115
84067
89033
85196
88480
122507
60979
88620
89624
84208
84105
84627
83574
82907
83194
84165
84495
82109
85291
83201
87304
120354
86247
59761
90819
85508
81736
83404
80145
80511
81430
81316
81016
80468
80656
81198
81359
81579
82266
116521
63341
64418
84172
87135
81935
85284
81892
85571
81761
82716
81704
82832
81801
83116
82762
119175
81361
