101133
64420
81199
83760
78191
82000
79993
80937
77575
79869
79436
80284
79176
79805
81513
80738
111642
81205
60625
85825
81537
86277
82499
86164
80141
84970
81486
84056
80642
82064
82811
83519
85382
82974
111969
60744
84369
85670
85694
86285
81750
85822
83272
87151
81891
86899
83324
87372
94873
93024
124623
90805
57610
95029
95891
93938
91745
93012
93398
93053
92298
92759
93096
95239
85282
81950
87305
82489
131154
56854
89015
84901
84105
84005
84692
84357
84246
82826
84255
84308
80344
81399
82074
81941
130257
79222
62010
84421
84691
81814
85817
81443
84027
80106
83729
81425
80738
82393
81843
82703
81610
82066
113734
59538
82364
84427
84941
83948
85317
82071
86365
82059
95781
100089
95690
97946
94123
97139
128050
95147
55657
99282
97808
98631
96169
96110
96844
96968
80393
84348
81851
85306
80914
84980
82493
80816
132185
57945
85106
85887
83915
84169
84126
72498
72259
69868
71992
69355
70518
68939
72607
71835
137962
84049
57010
89474
85193
87385
85982
79065
82992
82476
83527
82255
81096
81570
82877
82389
81764
82255
118705
60126
84762
85781
84314
87635
88993
85645
88720
85297
86533
84181
87277
85568
84693
85770
123650
83689
58417
87714
88122
87905
88206
87580
89322
86732
87666
85939
89893
85826
87283
85188
88062
85671
124258
56597
90672
89755
83051
84599
83249
83929
81433
82710
83505
82701
82290
82399
84959
83190
124241
80296
61619
87437
80180
83500
80342
80593
78391
80389
80050
80320
77990
79457
78742
80197
80216
79441
116162
59388
62182
86642
81114
84739
78698
83069
80466
82359
78199
80790
79975
80951
80522
80931
115902
78030
