100286
57650
80228
78595
78093
77714
78896
77582
74624
77148
76979
78271
77214
78617
78955
80972
113644
76038
61204
81071
82210
79520
81967
79870
76490
79459
80117
80350
79779
79030
80839
80079
84032
79213
111013
56821
83991
81819
85263
80503
79708
79592
82378
80101
81467
79205
80860
80394
84837
87346
116938
83834
55661
88762
88396
86752
83410
85452
87824
85723
88206
84073
88334
84954
76963
80673
80169
79907
119526
55321
83854
82688
76992
81137
80397
80846
80408
78737
80664
80431
78027
82834
79316
82700
122125
78651
55720
83687
76451
80916
80149
80601
79154
79266
79562
80529
78526
79945
79444
79905
80755
80621
112291
59446
76846
84149
80672
83259
79213
80345
79101
80708
103280
103045
103252
102154
101893
101956
136327
100554
43206
104672
104799
105527
103205
103354
102833
105689
79087
76698
79095
61451
64666
63002
64652
63120
149703
52084
83525
66952
66930
64361
65795
65274
63458
65021
68162
63800
69472
63117
71521
62902
153860
75436
48731
66774
67209
64876
66508
65393
79246
80247
79660
79412
79308
79495
80552
79073
79019
78356
119446
55114
84907
79187
83069
80494
81089
82732
81496
81995
80754
81549
80971
81566
78719
81705
120235
79756
56889
83209
86788
84049
84577
88787
84882
87149
83057
86349
84347
85024
80267
84302
84239
85056
121405
53505
89036
88496
79982
81694
80349
81813
78655
82648
79166
82390
75579
80689
78568
81886
117332
77232
55415
85758
79997
79224
78899
77635
77414
77422
77953
77954
73573
77974
77198
79757
77178
79421
111802
59266
61410
80366
80660
78725
78575
78167
78714
78114
74443
77352
77434
77675
77451
78284
113331
76918
