116822
60813
83730
83294
81800
83904
82476
84156
79529
84997
81967
86285
80894
86419
81681
85639
119334
80429
59968
85874
83899
84654
84784
83809
82001
84083
84348
84888
83587
85274
83838
87901
87829
84923
120161
58207
89578
86983
89143
85792
83897
86054
86567
85872
86033
86091
86205
85978
91871
93559
128243
90327
61077
96599
97708
94045
93412
92703
96445
92374
95327
92792
94380
93273
79502
82106
84608
82890
128950
58473
86950
85313
82962
84857
86196
84310
87136
84003
87913
83975
83048
87030
84131
85979
131164
81883
59475
86113
82775
85666
85004
85384
84235
84437
84480
84459
83589
88383
85465
88740
84702
88574
118808
60274
83753
89097
87487
86981
86333
86988
85748
86849
102499
102328
102336
102011
101383
103736
137263
101964
47223
108167
104512
106612
102787
106008
102440
104976
80907
82385
83367
82294
67666
66475
68693
66246
142563
57368
87758
87877
71706
72686
69905
76187
73551
67889
75285
66902
73074
66819
70301
69635
148033
81964
58961
78568
71778
69998
70712
69400
87742
85509
87842
84592
87543
83588
88761
83744
87941
82865
125187
59006
87978
86256
85910
85954
85580
86610
85983
85903
85634
85491
87411
85827
87278
86404
129597
84062
63760
87197
90483
86746
83074
85552
84013
84658
82900
84330
83509
83910
82369
83855
84658
84151
123949
60325
88403
85653
85686
89646
84318
88167
82626
86625
83554
85132
82197
84122
83829
85790
122899
84084
59823
87474
83891
84586
83052
83945
80601
85034
81687
85817
79098
84589
80771
83791
80338
84172
117329
59981
61121
84679
85058
84807
83973
84639
84606
85204
82409
85648
84023
86748
84289
88429
122024
86883
