112561
64468
82458
86062
80384
85896
80376
84790
77471
83436
79763
82344
80169
80860
80510
81872
113852
81023
60673
83805
82499
85137
83504
85043
80460
85788
81977
86541
81511
86273
81700
86209
86719
84428
117543
60123
85446
86463
86353
85270
82708
84722
85295
85559
84313
86167
84954
87616
95773
92657
128561
89877
61842
93732
95730
92024
89991
91723
92341
91485
92326
91320
92082
91608
81172
81875
84142
82638
131650
59343
87952
83593
84268
82554
86374
82430
84846
81944
84095
82922
82892
83721
83206
84014
129264
80678
60934
83885
82001
83518
85216
82753
84956
82731
86612
82144
83386
87548
82731
85824
82340
84487
117967
60300
82219
86208
85426
85201
84730
84878
84855
84500
103944
105473
103368
105729
101309
106796
136411
104331
54891
107758
103593
104582
102954
103549
103105
104076
77788
79753
80646
80844
79763
81773
81553
83721
143222
61043
85035
87491
83261
86522
82240
84925
83015
82766
83746
83162
82535
83396
84519
83877
147102
80425
58568
85485
84474
85988
83968
86335
89047
84267
88014
83100
85481
83399
85552
83601
83041
83998
123048
59877
87218
85402
85622
85556
86459
85164
87519
85005
87181
84841
89457
84351
86429
84666
126964
83634
61215
86121
86729
85939
84182
84906
84411
84158
83429
84235
85419
84161
83910
84015
87121
84617
125183
60444
90121
85122
82535
85440
82875
83683
81850
83724
83306
83633
81464
83093
83939
84210
122860
82999
63739
85123
82929
86036
81450
85418
79515
84709
80145
82791
78404
81235
80719
81601
80396
82308
115651
61182
61138
83140
82156
84000
80772
84349
81391
85314
78669
85583
80246
84968
80738
84799
116436
82046
