96243
53912
78566
72997
75796
71918
75293
71779
71093
71753
73060
72326
72920
72034
75521
73353
106590
72512
55543
78560
77019
76569
77872
76476
74728
75213
78265
75327
77487
73462
77903
75939
78250
75083
105556
54641
78330
78880
77818
77562
74188
76581
77237
76424
77075
75214
78363
75687
78801
83348
111874
78639
51460
85300
83130
82549
76928
80333
79820
80754
79151
79147
79851
79947
72995
75767
76059
76691
115201
54912
78805
80755
72945
77390
75557
78048
74629
74646
75787
76417
74329
75289
76121
75378
119121
72552
53278
79546
74462
78463
76887
79074
75123
77622
75289
78446
76210
74677
76377
74825
77562
74086
109406
52816
75580
77363
77621
77091
75974
75358
75601
77135
91741
90281
91566
88256
90348
88057
125200
85774
47206
91532
93034
90697
90807
87760
89878
89323
71836
72783
72720
72718
60199
60846
64855
58357
140228
48472
81114
70852
68139
60218
65063
61540
58474
60330
59569
60535
58874
60700
59975
61286
140864
69861
51585
66616
65974
61439
67826
60826
72493
76310
73460
74897
72867
73851
74049
73903
72232
73697
110831
51971
77795
75049
76775
75613
75396
78371
75925
78158
73987
77359
74726
76969
73108
76777
113829
73818
51069
78777
79088
79067
79636
79571
79200
79068
77361
78471
77876
78860
74828
79466
77205
80502
114638
50439
82627
84288
75243
75299
75688
74319
74590
74383
74742
73390
71199
73120
73614
74840
113014
72645
51432
82916
77614
74550
75985
72234
72997
71712
72926
71742
69732
71288
72305
71358
73084
71823
108175
53508
58072
76845
76326
74077
74886
72196
75613
72953
72028
71679
73681
71780
73007
71687
109290
69196
