101271
46744
68137
60637
62073
58553
62307
57887
62037
57803
62632
55184
61592
58513
61623
59752
102020
58939
47775
64594
63117
61440
62383
60325
62130
58957
63390
55927
62723
58876
62892
60153
60610
64529
93383
48236
65554
64845
61870
63071
61392
61131
62001
56925
62368
59909
63111
60490
61331
65939
94470
64809
45365
71604
63358
67159
61276
65126
62136
58688
62283
62894
63061
63122
59916
62556
61651
64116
105401
46611
65146
66184
60613
64610
60017
59137
59971
62968
60669
63089
64535
62928
64455
63455
107957
61056
46995
67955
63735
65076
62675
59382
62198
64198
61939
64523
61994
60270
63726
60020
63090
60529
106571
47742
65966
61826
62700
57711
61551
61798
61395
61728
64251
62540
65341
62188
64834
62728
109209
60564
47089
65130
67193
58198
65395
62308
65446
62692
62130
62949
62458
62396
62299
60947
62830
61319
106596
47348
67660
57756
65398
60456
64424
59996
60470
63753
61420
63686
61278
62363
61283
62893
105713
60352
47188
60459
66246
61787
64555
61095
75650
80803
73846
78900
72523
78447
72430
77321
72453
78493
115255
39141
82429
78058
77227
75611
57659
60737
59244
62046
59377
62143
58516
63654
58079
63447
100995
56971
48207
65388
61501
62723
66459
63920
65154
63829
62874
63324
61039
65233
60429
65315
60625
60475
94413
45386
67378
69331
63236
59784
63616
59961
62991
59785
62396
60951
61880
61245
61844
58232
94598
60549
47972
66847
68169
61424
64857
58844
63227
58021
62481
57471
62524
58840
61887
55823
62328
59727
95574
47403
46802
66178
64857
62067
62941
59106
63302
58956
62951
57999
63958
54968
64752
59018
99046
58190
