101217
51955
67219
67849
64460
65736
64363
66765
63762
65783
64632
65528
64975
65075
65380
66262
105580
67261
52718
70969
68626
69793
67892
70316
67310
70531
68182
70476
69107
70529
69933
71989
71835
72608
103196
54484
73186
73438
71754
72386
69999
71735
70722
72326
70450
71828
70694
72949
76097
75107
107844
72958
51997
76157
75564
74264
73239
73459
73153
72812
72454
72543
72289
72759
70211
70433
71808
71204
114703
51778
73478
71190
70590
69378
70732
69552
70550
69637
70342
70258
71413
72509
72964
73292
117100
70411
52298
74999
73435
73104
73342
72560
73039
71659
72346
72395
69043
70359
69959
70208
69723
70916
111139
53007
71584
70754
70424
70338
70685
69352
69942
70121
72673
73877
73064
73958
72254
73868
114803
72113
52091
74559
73509
72759
72931
72066
72129
72566
70696
72102
73048
74344
75376
78782
82752
86840
126789
61435
87539
87774
86950
86715
86088
87729
86034
86853
86781
86504
85892
86177
86313
87645
127689
85080
61652
87091
87505
86556
86445
87617
85198
85689
85819
85182
84408
84107
84524
84807
84497
84960
122406
61157
86794
85352
84986
86086
83196
83380
83446
83075
82962
83023
83263
82866
82747
83880
121073
82296
61845
83302
83963
83562
89186
89804
89564
89860
88034
88275
88264
89134
88056
88489
89319
89348
122083
60764
90620
90717
88745
90168
88943
89615
87830
88555
88466
89333
88575
89063
89581
89531
122494
87345
60998
90669
81490
82440
81028
81653
79574
80795
80026
81091
78907
80510
79954
80541
80230
81120
121366
61543
60165
86450
84784
85071
83425
84535
83181
84363
82943
84449
83821
84179
84153
85157
126326
84233
