99074
51590
69188
69460
65386
68817
63626
69252
63041
68067
63769
65489
64804
67096
65210
68932
103709
66436
51734
71750
69559
69507
68041
70012
66699
69742
67204
67777
67067
70007
67738
72685
72832
68670
104227
51428
74763
70499
71476
69419
69532
68870
68944
67401
69188
70377
69428
72342
75671
72912
109598
69883
50875
75407
79215
70995
76209
70790
74997
68756
75558
71392
74979
72144
70492
72074
72404
72921
116549
51391
77101
72173
74558
70653
75219
68910
76514
71861
76590
72626
74349
79382
74893
79330
120596
75184
52151
79917
77234
76380
77479
72913
78321
74935
78463
75003
70836
75236
71045
75370
71098
74467
116170
53496
72441
74608
71343
70314
71978
71778
72685
72840
76071
78033
75342
78298
74942
78070
119972
77728
52578
81520
74263
74748
75206
77365
74847
78557
74593
72930
74113
73053
72902
73073
71954
74788
116005
52472
74392
73177
71545
74733
71583
76542
75716
72402
76176
71774
74507
71710
74160
73466
118132
72332
52340
73283
74665
74216
72379
76098
88581
82839
88601
81274
85981
80467
85494
81030
85271
81172
127237
46357
91506
84021
85568
83965
69596
69970
70931
69579
71206
68254
71502
68177
72843
69239
114630
66126
53736
71106
74637
69912
74183
77558
73376
74962
73218
73382
73503
72514
74635
70875
75892
69716
109467
50287
83961
74052
67802
73955
69169
72798
68686
72731
68200
72257
69045
71822
70761
68632
105071
69133
54448
73237
70917
73612
68042
71793
66775
70885
65774
71747
65542
70403
66064
67261
67430
69983
100470
54391
53793
74705
71057
71564
69002
71092
66623
71817
66041
72171
66230
69500
67464
72886
101599
71668
