99019
50063
62035
67030
59834
63606
59067
63599
59583
62388
61065
61165
61833
60298
62600
61340
102530
63586
49097
69427
61909
67360
59904
67072
58519
67124
60266
65344
60763
64497
61686
65184
64543
65333
94540
50316
66273
67457
62349
66965
61276
66631
61541
66603
61307
66051
61313
68270
70860
65092
100735
62767
47656
68901
69363
67500
65247
66916
63863
66884
63824
66971
64211
68768
66170
62741
68644
62379
111169
48351
73074
63731
67888
62972
66769
63259
65686
64033
64403
65369
66337
65019
68127
65854
111365
61730
47973
67147
70985
63356
69941
62000
70256
62955
68064
63450
61973
65487
63153
64651
64237
63300
105611
48996
68066
63345
66433
62513
66205
61884
66281
61713
62854
70867
63611
69259
64579
68784
107156
66344
48298
69978
67464
66089
67344
65325
66720
65608
63134
67465
62755
68032
61761
67782
61050
69415
103319
48788
65498
68149
63021
65631
63480
66503
64032
66004
63868
65765
62840
65684
62425
68070
104793
66709
48435
70417
62842
68366
62059
68217
67803
62907
66873
63238
64579
63197
62851
64797
62036
66531
102246
48397
67927
68448
63536
68365
65734
60984
67232
60287
66178
61228
65172
61788
65376
63818
103866
62259
49992
67186
64830
65846
70359
66162
69064
65045
67666
64344
68826
64458
68530
63437
68826
64777
100472
47388
73144
68464
65952
66612
67001
65378
66298
64514
67571
65116
67845
65212
68646
66117
101788
65041
49316
71484
68822
69595
66932
68526
66384
68538
68238
70774
70403
72208
73746
75034
77262
78838
119459
60368
60187
86678
85171
85752
84303
84684
83709
85562
83618
85264
84432
84986
85309
85450
126371
84704
