137426
54566
63905
84587
64286
78321
65052
76022
69038
62555
72101
62910
73136
72927
64224
74803
142286
75547
56714
73072
67604
89527
66674
84416
68203
87326
68299
82627
64888
78916
74080
77731
76032
81197
109053
59828
80382
83763
69456
83867
69001
76037
72018
91748
69996
88238
74092
89571
88714
75927
123015
75483
58681
76391
84458
85506
82426
85542
84600
86095
83413
85654
82049
90493
83494
71822
94585
77037
129461
57816
93727
76365
88246
76760
87218
79679
81613
80155
79493
82286
81499
83991
76227
85225
128648
79452
58758
79149
98980
76747
94781
78296
81098
73225
88698
79546
74554
81166
78630
79119
78969
71070
120826
47890
83240
79675
83028
77542
87161
68898
74234
71473
76931
90246
77391
92886
78374
89306
121481
76201
47513
85840
74566
82194
83009
81758
82254
83086
75017
81545
73822
88123
71111
90871
71591
74844
112741
59961
74063
86036
74953
82813
76296
79298
64844
77114
77619
77588
67035
77574
76139
79932
114086
84497
47857
89303
70178
71102
73590
86040
82621
75829
87009
76217
80480
78491
78012
79580
77869
81326
101368
58923
82659
82416
77855
75132
81362
71510
76543
68479
85276
71840
88525
73846
84719
76205
112501
77349
48401
79846
77474
79857
82144
83496
85555
83447
86073
77696
97048
74611
102831
75343
96779
77582
127476
56345
93121
80124
81895
88234
86407
85518
85821
77294
78333
85968
88195
85383
91180
83766
128135
78380
57205
79379
70463
85971
68172
85978
70297
81821
69987
78380
73263
74295
74513
73472
75152
74576
115985
58205
41929
104454
88393
112653
84993
100103
85194
105870
84977
95900
86322
102120
88566
98296
141336
92209
