119265
58748
74776
80864
73667
78983
74031
78173
74660
76944
75663
75153
76871
74936
77542
76365
123383
79117
58089
82398
76252
81961
74149
83528
74066
80788
75453
79902
75836
78639
77467
80222
78611
82156
109563
59503
79405
82741
78130
83441
76838
82497
76390
82564
76199
82493
76052
83308
87270
83823
119083
83080
57838
86751
84708
86592
83003
86146
82607
85998
83047
86566
82721
87991
82332
78725
86765
79463
126897
57737
86208
80581
83836
80492
82759
81125
81650
82022
80773
83018
84284
83210
86471
84536
129760
80579
57860
83058
89366
81155
87451
81769
87514
81646
85674
83218
78162
80468
81321
79814
80192
79212
122505
58727
83225
78443
82319
77684
83542
77329
83658
76827
81282
88086
82711
87362
82825
86588
126368
83879
58222
85340
85783
83643
86117
83142
85898
84180
78326
85112
79089
86360
77070
84914
78528
85737
120016
59083
80470
82983
81293
80899
81614
80841
82050
85684
82526
86239
82357
86195
81352
87988
122797
87080
57336
88228
82308
85963
81505
86729
83754
82865
83414
83675
81831
83513
80816
85353
80278
86420
124499
57263
82775
86635
81023
89476
80308
76294
81785
76508
80456
76792
79590
78019
77503
80088
120998
78508
59119
80607
78205
81030
87402
81984
89067
81613
89248
79487
88271
81503
87738
80942
86357
83224
118329
57568
86138
87153
84460
82935
86389
82203
85277
81420
86607
80786
88141
80558
89214
80475
121152
80200
58866
83263
75939
79577
76382
77412
76465
75333
77202
75361
77449
74263
78075
73868
78975
74392
120734
58367
56625
90895
80996
88030
79685
85913
80950
85160
81312
82560
83151
81619
84866
81980
127626
80777
