95837
51459
68427
69404
63406
66607
62608
66637
63537
64461
64515
64833
64994
63652
65983
63576
99407
67385
50741
74923
66225
70435
63647
69953
63683
69381
64014
68385
65102
67512
65995
67503
68202
68812
98689
50739
71258
73137
66078
70639
63900
69578
63580
69849
63865
68689
64905
68725
73323
69479
103947
66581
49432
76547
71562
71381
67611
70161
66428
70517
66350
69369
65703
71166
67770
64210
70423
66047
112243
48795
75256
68170
69430
66058
67937
66692
68114
67229
67663
68032
71364
69171
71872
69315
115619
65085
49304
73155
74832
68248
72055
68099
72029
67397
71457
67894
65292
67729
66031
66399
66915
66355
112307
50474
72150
65547
68813
64638
68574
64033
69523
64286
67613
72602
67398
71142
68163
71088
114086
68735
49446
74180
70618
69291
71039
67869
70762
68142
65332
71093
65411
70414
65278
69861
65250
71213
108577
50395
70504
71107
67143
67762
67753
67674
68094
69452
67579
69652
67079
69530
65389
71853
109631
69489
49127
75285
68451
70466
66814
70771
70415
66671
67754
66863
66033
66325
64376
67927
63486
69492
106350
49818
70987
70244
65079
69572
67198
63874
67461
63646
66952
63279
66338
64175
65805
66113
107926
65045
50042
69333
67933
67854
73694
67953
72107
65123
70656
64106
71182
64594
70832
65140
70890
65580
102635
47444
78364
71018
66350
66589
66924
65241
66762
64092
67022
63905
68715
63003
68938
64573
101874
62484
51303
69056
69618
71886
65309
67762
64502
64885
64515
64460
64504
63690
66257
63417
67193
63867
100700
49368
50936
74943
64134
68835
63330
67070
61715
68004
63107
66131
63493
65838
65341
64901
100275
63741
