111652
48528
65086
65681
73996
65130
74745
65870
75853
64814
76138
72719
76690
65002
78544
72918
113647
69482
57922
83329
74139
80136
74634
79964
76818
77854
77199
77019
78932
77375
80144
78073
77288
82828
101117
60613
75882
85200
75504
82836
75627
83280
77059
80942
70544
80159
78871
79945
84734
78975
115746
77736
58753
87457
75183
88329
81059
89006
81019
89697
80599
77699
81877
79809
83695
79609
85083
82435
116806
58708
73192
82764
72562
83263
80953
82508
81160
82991
72357
85336
88526
80427
87735
82526
129814
79217
59427
82069
87159
83082
84845
82862
83605
83660
83354
84908
81168
79977
82185
78588
82423
77509
123423
58730
85077
78300
84836
76413
84450
78082
82729
79120
83330
84156
83933
84467
83983
76354
125099
75790
59169
83222
86685
81660
88304
80561
77002
82581
76654
85016
78072
73120
78112
81267
80213
81399
111512
59666
72207
79396
73270
70896
72163
71602
69946
85843
75700
85399
76735
83743
76146
74273
116269
82610
59008
81914
80187
70892
71045
79930
74957
87834
83056
87273
80799
87809
74387
91053
78075
91808
109971
58424
82282
89405
82049
89252
79261
79090
70177
70644
77550
79125
68741
81268
77880
81861
111843
80225
60195
71421
68690
73725
88952
79887
90949
80406
86852
81077
85118
83150
75548
75781
83361
84629
115310
58982
84626
88150
74655
80716
88390
78328
88201
72942
87291
79185
88678
79337
87027
74450
117417
73219
47996
84350
77916
77468
78356
76137
77600
74455
68567
74748
80341
72751
83387
73172
80876
74019
119386
48985
46490
85790
80497
81962
80025
71774
80874
72006
81811
79653
82869
79740
74638
72262
124183
76988
