110577
60099
84796
85662
83045
83446
83403
83381
77497
81089
82411
83127
82210
83005
83566
84395
124403
88353
59549
91961
89716
90883
91150
90059
84223
88357
89674
89586
89390
88889
90504
93038
88862
87486
128914
59262
88194
89174
89974
89582
82362
85084
88181
88524
88110
86866
87583
89332
100880
102331
143706
97705
56417
102671
102068
101157
95080
98845
100900
99829
99733
99189
100872
101722
90012
91155
91978
90655
149514
56020
94970
93013
85768
89451
91610
91407
79026
75342
76294
77105
73470
74888
73993
73951
149287
83324
49449
92145
74878
73419
74421
74121
72968
72972
73291
74895
90540
90934
90194
91395
91269
89808
133444
56747
84564
89534
91711
90582
91163
91143
90846
92775
101505
101518
98444
97075
96390
96808
172578
95113
43341
126733
130392
128834
103054
99490
99988
102676
97983
98911
77663
76104
73842
74220
78495
75210
195796
44371
79142
78705
78480
77257
75943
77742
69868
69111
69085
68406
68909
68541
70459
68736
186969
83743
48583
71071
70105
69886
71152
71072
94957
96011
95173
94454
91795
92506
94689
91301
89910
73655
143342
55228
95164
94211
94246
96561
83232
79793
77262
77638
76309
77039
76738
76039
73326
75500
145283
90984
48839
95565
96517
97466
97066
99292
97779
97022
93585
95512
96659
96943
89619
78133
97419
78220
149131
54070
98278
100155
95591
95419
94075
94704
92616
94114
94232
93510
87530
78331
80681
78876
147483
90237
56479
98543
84062
84534
83648
83618
80874
81561
82133
82475
76702
79311
81561
81776
82401
81666
135086
58448
62983
85049
83677
82966
81436
81845
82312
82404
76613
80232
82547
81670
81411
81416
136603
82288
