117957
62442
84123
84138
82957
83995
84598
83242
74395
80885
82611
83029
82660
82215
82959
84615
124058
85815
59371
89773
88360
89564
89839
89496
78431
84972
88134
88695
88459
88066
88456
89936
91366
89235
127245
57941
88848
89908
89350
89793
78141
85896
87222
88636
88117
87988
88076
89402
99236
100038
140913
96312
55394
100327
100528
100894
87600
95432
97222
99212
98606
98534
98169
100605
91386
92619
94113
92266
149539
54723
93952
94117
82459
90385
91699
92773
91268
77146
76643
78736
74775
73550
75103
74010
149451
83729
48426
91609
71334
73141
75454
75377
73419
73361
74397
75885
89635
90737
90444
90519
92203
89519
135794
55532
80716
89310
92144
91845
90471
89761
89896
92800
117715
118443
116201
115857
114685
114524
199572
112304
39708
151317
156182
157221
124365
116884
117065
119648
96557
76330
73151
72541
71622
72101
75738
72040
233996
41584
76040
76402
74554
73234
73706
75507
66645
67692
66687
65969
64278
66015
67480
67943
224766
66293
45783
68338
66579
66452
66828
67281
91419
91740
89979
89806
87969
88747
89818
75762
68709
71710
142632
55341
89777
91099
90989
93288
77745
78089
77077
76622
75093
75633
75936
76070
68884
74668
148786
91748
48076
96314
81060
81876
95788
95147
94169
93921
93076
93327
93488
81925
69300
74132
81745
76043
148894
53853
95772
98330
93664
93227
93014
92687
77226
76782
77188
76503
68021
73414
77834
76722
149053
88984
55433
96514
84239
85107
83486
82532
80393
80994
82141
81594
72680
78447
81343
81225
82192
80938
133667
58335
61507
84734
83692
83230
80713
81325
82204
82063
73272
80368
81915
81663
81674
81029
135609
80526
