151748
52384
94347
90486
93018
84101
91159
89133
83794
84348
84139
87163
83459
89178
83549
89000
157616
86322
51436
91423
87171
90702
92780
90036
92215
90313
85549
72799
81455
73145
71869
70292
87677
92047
140577
56872
94523
94509
95011
93954
94010
93933
94950
91037
94819
92725
94807
91687
94138
95151
145033
92294
56857
90684
97114
97218
96328
97009
91177
94168
95684
95812
95516
94878
85542
96340
93582
91579
148110
59191
88100
96519
93346
95407
92669
91297
92271
93238
85357
91811
90686
93529
93490
94971
144727
93103
56520
96311
94883
97770
93401
94519
86653
96868
91766
93828
91204
94091
94340
94654
94420
93843
144633
54973
96150
96532
95934
92895
94388
91329
93388
95264
95685
89303
98467
90521
92139
95680
144177
90364
55312
99675
99031
94979
97867
97079
96018
95453
91732
92358
94734
92413
94679
87244
96316
92477
150681
49417
96967
91729
95495
94039
92427
92128
91553
94561
94658
94029
93514
93543
89707
94699
151732
92493
58306
93167
99123
95609
96525
94003
104546
109077
102350
107660
106823
106626
106780
106839
106277
107612
159700
51648
103807
103628
102253
106537
95605
100169
97316
99943
96557
94760
96987
98754
92472
99089
153180
94619
55202
100977
97924
98473
92598
95670
95134
91154
94150
96432
94546
97380
93621
92637
94456
95780
156956
51641
93766
90275
99650
96447
102525
101328
101129
100912
101596
101249
100420
101695
100867
100606
162268
97300
54309
103564
99587
99271
101243
92246
99130
97505
98620
93977
93022
97599
97597
94752
92144
97598
163521
50100
58610
103862
104832
102268
98533
101021
104071
100825
102437
100154
96926
97543
94651
101765
163051
98848
