152201
57745
91115
89825
89511
89533
89206
90018
83344
90840
88758
85061
87819
92506
87227
92410
156190
81814
52753
90052
90375
90053
89851
89936
89401
89345
89356
87841
88590
84938
84756
86147
93009
93271
143491
58113
91214
92578
96409
92707
93961
91952
93421
90474
92169
91766
92016
91117
94721
98719
145598
95707
60470
96999
99097
96735
98865
96453
100035
93259
93716
94534
97046
89080
84408
88168
87560
87097
146792
58299
93782
93662
92603
87596
93207
89974
92580
91332
88111
90162
89493
96182
92230
96213
146830
93207
51050
94279
93635
94020
92764
91361
87218
87633
91202
85080
85521
94345
87148
89126
86575
91104
142264
55418
87079
90934
93469
93661
92154
94612
91978
92626
92424
94197
95596
94768
94990
95880
147071
91555
51635
99502
97272
97469
95464
99318
94248
92244
92898
91341
93847
92138
92077
92001
92502
88588
146597
51342
94399
91676
93108
93749
91663
93434
93368
87063
96087
87087
90184
86833
89935
93398
144901
91483
57973
92318
94471
93723
92785
92209
103844
105767
105840
104886
105347
104580
106400
104717
106729
104957
160262
54620
109282
106470
106461
104225
95147
97472
97247
97267
92143
97129
97127
91926
93076
98973
148148
89611
59608
99092
100427
91981
87383
91797
89143
96395
87418
90475
89750
94796
93282
94890
94412
88365
155050
58360
94826
88117
93683
103016
100481
103218
99377
97605
95004
103340
99247
102286
99680
99822
160357
98513
56660
99911
97848
98691
98639
91993
90829
97453
97264
98742
91647
98997
96807
98160
90852
100560
161214
58689
58714
100764
96319
99560
99839
99162
99744
98763
98782
98827
99095
93072
98206
101191
165535
100481
