154426
49691
93375
90925
92562
89023
92484
88664
91831
83164
85965
86894
89726
83408
88525
83360
154335
87845
57943
91346
90484
89933
91070
89858
90944
84903
92323
87175
92170
88774
91785
88413
90287
89866
141284
58423
86801
93824
88136
93582
87598
93203
93484
91367
93162
87746
93514
91717
94536
101777
140730
98932
57582
94083
96655
98788
95221
96814
95940
88106
95627
95876
94528
94909
91089
87847
93466
94841
147507
53594
94283
96620
91825
90636
92312
93164
85727
93915
84329
92025
85694
92766
93831
94237
143708
91743
51381
94565
94636
95132
93788
93304
93153
95597
91879
94886
94449
93444
97228
87381
94916
93902
137886
56530
88667
96007
95320
92710
88225
87950
93208
86826
93165
94373
92371
95054
98351
95644
150569
93812
59191
91050
99523
88640
97139
91067
96224
95152
90244
92329
87128
92547
86595
92100
93802
93234
149522
57320
97321
91872
97361
93383
90419
92061
90567
94798
93226
93663
92653
93812
93840
94909
149466
88379
58581
93520
95703
88830
94979
93644
103292
108536
105538
108058
98874
101840
104588
106533
104465
106177
158719
55481
106843
107566
105302
105391
95404
98324
97395
98509
96592
99715
97447
100767
91685
97660
152538
97151
49638
100907
97175
97436
92979
94736
95062
94337
94260
95006
94960
95874
94837
96456
95258
95823
156229
61597
87742
98170
101543
100125
102536
99686
100328
100376
100738
95787
100176
99957
100851
98715
162393
98915
49375
100786
98976
93974
95936
98036
99979
96802
95294
96782
99092
91853
98116
95102
96522
98030
162281
56715
51132
102057
102044
101213
100491
99879
96019
99455
101639
99541
102198
96693
96814
99453
167579
97849
